CSS645Models/Rise_of_Radicalism/data/KIMB_DEM_1.asc
NCOLS 755
NROWS 555
XLLCORNER 675408.2608053425
YLLCORNER 8207116.6400367701
CELLSIZE 90.000000
NODATA_VALUE -99999
[rows 504 to 545 of 555, columns 0 to 94 of 755]
139 131 142 135 132 133 121 121 143 161 164 169 169 163 167 172 173 167 182 193 197 202 207 215 227 230 228 223 225 231 230 228 213 189 174 173 183 216 200 178 160 154 151 160 166 170 177 186 197 215 225 223 231 227 222 217 209 202 200 198 194 187 179 173 170 176 185 184 181 184 179 173 170 177 181 196 205 209 209 206 201 196 197 202 210 218 221 222 223 229 236 240 250 260 266
143 136 144 136 135 144 129 120 146 162 168 171 166 163 170 174 171 161 176 186 189 195 203 215 227 232 234 233 233 235 232 219 188 173 165 159 163 195 185 165 158 157 152 156 165 171 177 186 193 206 214 211 216 220 219 217 206 197 199 197 193 184 176 173 169 174 184 183 178 179 177 171 169 172 183 196 198 191 189 190 193 206 209 212 215 219 222 223 227 231 237 243 252 268 282
150 143 142 135 142 153 141 124 136 161 170 171 165 164 172 172 166 151 170 175 181 195 203 212 222 234 240 239 232 232 227 212 175 159 162 154 144 163 170 162 162 158 148 153 165 171 176 184 190 198 201 201 198 207 210 212 203 195 194 195 190 183 177 172 168 173 179 179 175 175 171 169 172 173 179 181 180 179 187 196 203 210 216 222 223 223 225 224 229 233 236 241 255 266 279
152 151 141 143 157 159 148 136 139 151 163 167 162 157 164 166 162 151 160 162 176 196 202 211 219 232 238 234 226 223 220 200 174 163 161 150 133 144 166 166 164 161 146 156 167 171 175 179 185 189 196 202 193 193 200 213 206 191 191 193 190 182 179 173 166 172 174 176 171 162 162 167 167 166 166 174 180 183 190 195 204 217 226 228 230 228 228 230 232 233 235 241 248 262 275
160 158 152 154 169 171 164 151 149 152 149 148 148 146 156 162 157 140 146 156 173 194 200 212 220 226 228 224 215 213 213 193 171 160 152 144 132 151 164 162 162 157 144 153 169 171 176 177 183 183 189 200 193 189 192 206 204 183 184 189 191 183 177 171 167 171 173 171 159 156 157 158 160 159 161 172 179 184 190 198 209 221 227 228 231 230 233 240 242 242 245 246 251 263 277
163 164 169 165 173 178 172 159 157 156 147 132 131 133 144 158 151 132 135 150 167 181 185 204 216 217 216 212 202 196 188 181 168 157 156 149 133 147 155 155 159 154 141 151 166 170 177 180 184 179 181 191 190 187 186 192 189 179 180 185 184 180 178 171 161 167 166 158 162 166 169 164 167 172 171 168 179 189 203 215 224 228 228 229 231 231 235 244 247 250 255 256 255 265 278
159 164 175 176 178 182 178 163 157 160 151 144 137 125 128 141 141 131 134 146 155 162 167 186 203 202 191 193 187 184 164 162 163 155 154 149 127 140 146 142 153 153 140 143 161 172 176 176 176 176 177 183 184 184 184 188 186 178 175 175 175 175 174 168 156 159 152 170 178 181 180 172 181 185 183 176 179 193 209 220 226 224 225 225 227 231 235 238 244 251 261 269 271 273 277
155 161 175 183 185 183 179 168 161 158 152 152 143 137 129 122 128 125 130 138 142 144 147 162 181 185 176 179 174 168 152 152 154 147 148 144 124 134 146 135 143 145 140 139 157 170 171 170 171 173 174 178 182 184 181 180 176 172 170 165 166 168 166 158 146 148 156 179 187 189 187 182 189 195 197 195 193 190 203 212 221 223 220 224 230 235 234 231 238 245 251 259 271 273 277
152 164 183 186 187 183 179 166 162 161 157 156 149 144 138 126 114 115 126 133 137 138 142 150 166 176 164 164 159 146 140 143 148 139 144 141 122 124 137 129 133 136 134 132 148 159 163 168 170 175 176 181 186 191 186 178 173 166 163 153 148 149 147 141 147 160 177 183 190 195 194 187 189 200 206 207 207 207 203 205 212 218 218 221 227 228 228 230 231 245 251 259 268 280 281
150 167 184 187 185 180 177 162 160 163 158 154 149 147 145 137 123 111 116 132 141 147 144 148 155 161 158 154 151 142 137 135 135 128 133 132 120 113 123 120 122 127 121 121 135 150 158 167 172 178 182 185 188 191 192 181 169 161 142 140 159 152 150 159 160 164 168 172 182 193 196 191 192 199 211 215 217 222 219 209 206 208 217 218 222 222 228 230 231 236 242 247 265 280 284
148 164 181 180 181 168 166 160 155 163 158 148 139 143 141 137 131 119 114 123 143 151 155 160 162 160 164 162 159 153 149 143 136 131 130 121 108 104 103 101 105 113 109 124 137 147 157 164 169 174 177 177 173 174 178 170 160 144 128 138 163 164 169 179 172 167 164 168 179 193 199 194 195 206 214 222 223 224 220 215 211 209 211 218 222 222 224 227 230 235 246 253 267 283 288
145 161 172 173 178 162 157 147 147 156 155 143 138 136 133 134 129 126 126 112 127 145 148 154 151 155 164 159 156 158 155 152 147 138 136 127 106 93 90 91 91 93 101 112 114 118 123 131 141 147 151 150 149 159 166 165 153 134 119 135 152 157 171 191 183 177 176 174 174 189 196 203 207 220 229 232 226 224 220 219 211 209 211 215 217 220 222 225 230 232 241 255 267 280 289
139 153 162 163 160 148 145 139 136 148 150 140 135 133 128 132 129 127 129 124 111 119 135 137 138 147 151 147 147 153 155 152 145 135 127 109 91 88 87 91 89 89 92 93 93 94 98 102 111 118 125 127 132 144 148 146 137 119 114 130 143 152 181 192 190 185 189 191 189 194 197 212 226 236 242 239 232 224 220 219 218 214 212 214 217 219 221 223 228 234 243 256 273 279 286
131 145 153 148 146 142 137 139 131 141 151 139 134 136 129 129 128 126 126 127 122 110 108 118 132 134 136 132 141 149 151 148 140 123 112 93 82 89 99 105 103 100 96 97 99 98 98 101 101 104 106 110 116 122 127 126 117 120 125 131 141 149 174 186 195 198 200 204 204 207 213 225 232 239 242 239 232 227 223 222 221 218 215 217 220 222 224 223 233 242 250 263 274 282 286
127 137 141 137 140 140 137 135 128 137 143 136 126 130 125 127 128 124 124 124 124 120 105 99 112 115 119 132 141 141 139 136 130 115 99 83 93 105 114 120 125 126 122 122 119 120 114 108 103 100 103 104 109 108 108 112 121 134 140 145 157 173 183 193 198 201 199 207 209 213 218 225 232 239 245 244 242 233 227 224 225 223 221 222 222 224 229 238 252 256 261 272 282 288 288
125 134 135 130 136 136 132 135 127 133 136 134 127 127 124 123 125 124 122 122 123 120 104 91 89 103 125 133 132 131 131 130 125 112 86 87 102 112 117 122 127 136 142 145 136 129 119 106 100 102 109 118 122 122 122 111 131 150 158 160 164 172 183 192 201 203 203 204 209 213 218 224 229 234 241 248 252 244 241 234 229 226 225 225 227 233 246 258 268 275 281 285 293 298 300
120 126 128 127 131 129 130 133 124 130 132 131 124 126 122 121 125 125 122 122 123 121 110 96 79 93 104 106 118 125 126 126 118 95 80 104 107 111 114 122 129 136 145 149 144 134 120 109 111 113 125 140 142 147 136 118 142 162 171 167 170 173 176 182 190 203 203 204 210 215 219 220 222 226 234 244 255 257 257 248 236 231 228 229 234 241 250 263 275 285 295 299 303 305 309
107 114 120 118 119 120 126 129 123 129 129 122 121 123 119 119 119 117 115 112 113 112 102 81 63 65 63 66 77 106 122 120 106 84 85 110 116 116 118 120 132 140 147 151 148 132 116 120 132 133 134 148 154 160 151 126 132 149 175 171 174 177 176 182 190 199 206 206 210 219 223 225 225 226 230 238 251 257 263 258 250 245 237 239 250 259 262 270 281 290 298 304 306 306 305
107 111 120 117 104 107 114 119 121 126 125 117 114 118 112 110 104 94 78 74 71 67 62 59 64 69 68 62 62 73 103 111 92 77 92 112 121 123 124 123 130 141 149 157 156 135 116 131 149 151 140 142 156 163 164 150 134 147 161 171 174 177 181 185 193 202 210 208 210 216 221 226 229 230 233 241 249 257 263 261 261 258 257 258 265 272 282 287 291 294 299 303 304 304 301
105 109 115 110 101 110 113 112 119 117 118 112 102 104 94 82 67 52 48 47 48 47 58 77 96 109 111 105 78 62 83 105 81 80 107 122 130 133 136 132 128 136 143 158 161 145 126 128 150 157 151 151 157 165 171 166 133 147 161 168 176 183 189 193 198 208 214 216 213 218 222 225 227 230 233 243 248 256 262 261 265 272 274 275 278 282 286 289 292 297 299 299 299 299 298
103 107 115 105 99 116 114 111 112 106 107 95 71 65 55 48 47 60 70 74 76 73 82 111 123 131 130 120 101 70 68 87 76 84 113 128 134 140 141 134 131 130 137 151 162 159 143 127 148 166 165 163 162 165 171 166 139 134 148 168 178 186 190 198 209 213 214 219 221 224 225 223 224 225 232 242 246 244 240 236 243 254 267 275 283 285 285 288 290 293 297 295 293 294 293
98 102 110 107 99 112 108 106 103 92 74 56 45 44 42 48 62 79 97 105 112 103 106 124 134 140 140 133 121 99 70 67 69 90 115 129 134 141 140 136 134 132 144 166 177 170 155 134 146 168 165 163 162 167 172 167 153 137 150 170 181 182 188 200 210 210 211 217 220 225 222 216 212 214 218 224 222 217 215 218 222 233 240 250 268 283 283 282 286 286 294 290 289 290 289
87 90 103 101 90 96 91 82 69 56 44 36 43 54 60 68 87 93 103 115 119 115 118 126 134 140 144 140 131 118 106 90 78 94 118 130 131 139 143 138 135 136 144 165 184 178 170 134 146 168 175 172 170 174 176 175 166 153 146 166 172 169 175 190 199 202 205 212 215 206 200 196 197 202 205 204 204 208 210 212 214 220 228 236 254 274 279 277 279 280 281 284 285 288 288
73 67 75 72 69 70 61 53 44 37 36 42 69 90 89 88 99 109 118 125 130 127 127 128 134 139 144 142 136 127 125 108 89 100 118 132 140 145 145 139 137 139 144 163 184 178 170 151 144 162 179 178 178 178 179 177 175 171 154 160 160 166 173 174 178 186 191 196 191 185 192 205 213 214 211 207 207 209 211 216 227 239 241 240 256 273 277 274 273 273 276 282 282 284 284
73 53 54 57 68 77 61 41 37 35 39 57 82 94 96 100 113 126 133 142 148 147 142 136 135 140 147 147 144 133 127 121 97 107 119 133 144 151 149 145 143 139 144 163 190 190 184 170 159 167 185 185 180 182 182 181 183 184 176 176 173 175 186 193 185 173 175 177 179 197 218 236 252 254 238 226 226 222 219 225 247 267 269 264 263 271 273 268 266 270 273 276 276 278 280
85 58 43 51 63 58 57 39 36 35 48 75 86 95 95 100 113 129 139 151 159 163 158 156 152 153 157 161 150 135 129 126 109 115 123 131 141 145 149 145 143 149 160 173 194 198 192 183 175 179 191 190 190 190 190 191 193 195 194 188 183 188 201 215 203 181 177 179 187 212 244 275 284 280 269 261 260 255 240 244 267 272 273 273 273 271 270 263 259 263 266 271 274 276 276
61 49 39 43 43 37 35 31 33 33 57 80 89 95 91 97 106 117 133 146 154 160 161 161 163 161 157 155 143 133 130 130 120 115 123 131 141 145 152 153 152 163 186 190 196 203 201 195 187 192 195 201 201 201 201 201 203 210 209 206 204 208 225 235 220 189 183 188 197 225 260 280 281 278 274 269 264 261 258 261 266 268 269 269 269 266 265 258 256 259 262 267 269 272 272
57 41 34 31 31 31 32 32 34 33 45 59 71 82 80 84 90 102 117 126 135 144 149 153 158 155 153 152 149 144 143 140 120 115 123 129 136 144 149 155 160 171 199 206 207 208 210 204 198 197 206 213 216 216 214 210 212 225 228 227 228 229 234 238 225 206 203 208 216 245 273 277 276 273 268 261 257 256 256 258 259 261 262 264 264 260 258 254 252 254 257 259 263 266 269
62 39 29 27 27 29 32 30 30 32 34 40 49 55 54 57 66 80 94 100 114 123 128 136 139 139 145 146 150 144 143 140 136 129 130 128 131 137 142 154 163 176 197 206 209 212 213 205 200 202 207 212 220 227 228 223 221 230 237 240 238 237 239 242 240 234 230 232 236 253 270 275 274 269 263 258 253 252 253 255 257 256 255 259 258 255 254 251 251 252 254 257 259 262 266
45 29 24 26 28 30 31 31 30 31 34 38 41 41 41 42 47 56 59 66 81 97 102 106 115 123 145 146 150 151 154 154 159 166 161 152 149 151 160 165 167 177 193 200 209 214 210 206 205 205 208 211 218 227 233 231 226 232 241 243 242 241 243 245 247 250 251 251 255 260 265 270 271 269 263 255 248 249 252 253 253 255 253 253 254 253 250 247 248 251 252 255 256 259 262
28 23 26 28 33 41 48 38 34 34 35 35 35 38 38 40 44 44 45 48 55 62 68 106 115 123 129 134 144 150 150 151 167 185 186 182 180 182 191 192 189 192 205 212 212 213 212 210 212 210 210 215 223 232 238 241 234 237 244 245 245 245 244 245 246 248 248 250 251 253 258 264 267 266 260 251 246 249 250 250 253 255 254 252 251 250 247 246 246 250 250 254 252 256 259
23 24 28 31 39 59 78 61 42 33 34 33 34 36 37 39 40 40 42 44 55 62 68 72 89 102 108 115 128 130 122 123 145 174 182 180 182 182 192 196 197 202 209 214 216 216 216 223 225 222 216 213 221 236 245 248 245 245 247 248 249 248 246 246 244 243 244 243 245 250 252 259 263 260 254 248 245 246 248 250 252 254 254 253 248 245 242 242 244 248 250 250 251 255 255
22 26 27 32 46 78 100 79 57 42 37 36 36 37 37 36 38 40 42 44 50 51 51 55 64 72 78 84 92 91 90 97 118 151 166 169 171 179 187 193 193 197 200 207 215 221 228 233 235 229 225 214 221 239 247 250 252 253 253 253 251 249 247 244 243 239 236 237 242 245 248 254 255 258 252 246 243 242 244 249 253 258 256 255 247 242 237 238 239 242 247 248 247 250 251
26 28 30 34 53 88 111 88 66 52 43 37 37 37 37 36 38 39 41 44 46 48 48 50 51 56 57 62 66 69 73 83 97 122 148 154 161 174 181 184 188 192 195 201 208 223 228 234 236 235 233 224 224 239 249 251 255 256 253 255 253 249 247 244 242 233 227 233 238 239 244 251 250 253 255 249 242 240 243 249 256 264 264 254 245 238 235 233 236 243 247 248 247 246 246
28 32 35 42 61 99 117 90 70 57 46 37 37 37 40 41 41 42 45 44 45 46 48 52 55 55 57 57 60 62 66 74 95 126 150 155 162 171 175 180 185 191 194 198 214 219 224 228 234 237 239 230 225 233 244 249 252 253 254 254 250 248 247 239 235 227 224 230 233 235 238 243 243 245 251 250 242 239 239 244 248 258 261 254 243 238 234 231 235 243 249 250 245 244 241
32 34 44 56 78 109 122 92 70 57 46 39 39 40 39 43 46 44 44 45 46 50 52 55 59 59 60 62 67 66 66 76 104 136 157 161 167 172 177 181 185 190 192 208 212 216 220 222 227 232 235 234 232 229 238 244 243 245 250 253 250 249 245 236 230 222 220 223 228 229 232 234 231 232 244 250 245 238 234 238 245 258 256 246 242 236 232 228 233 243 251 247 243 238 230
37 46 56 68 86 109 122 92 71 57 47 41 40 41 40 44 49 49 50 56 57 59 62 63 64 64 67 71 75 77 78 78 100 138 169 174 170 172 177 182 187 192 205 209 212 217 222 226 229 231 235 235 236 233 236 237 243 255 258 253 249 245 244 237 230 222 218 219 221 223 225 224 223 224 237 248 248 237 228 235 250 261 258 247 242 236 230 227 231 241 250 247 238 228 214
49 60 56 68 86 119 119 91 73 59 50 44 42 43 46 48 53 60 65 78 81 82 81 79 75 75 78 81 82 82 87 89 97 131 172 181 182 179 180 181 185 197 210 213 217 223 230 237 236 233 236 238 237 236 235 239 254 267 267 255 244 241 240 238 231 219 216 214 216 219 220 221 218 221 234 245 247 232 224 232 244 258 259 257 253 247 232 226 233 239 247 247 238 214 193
49 60 75 92 108 122 120 92 76 67 52 46 45 46 48 52 67 80 89 103 109 110 105 99 96 100 104 105 100 93 97 98 99 121 165 181 187 192 189 182 183 198 205 212 217 228 237 238 240 235 236 237 237 239 241 248 267 272 266 255 240 236 237 238 231 221 217 213 211 213 216 217 215 217 230 241 241 225 220 230 246 258 259 257 255 252 232 226 233 239 244 247 238 213 192
72 84 99 126 128 130 121 96 79 68 55 50 47 51 54 57 70 95 117 138 154 144 131 121 119 126 133 133 128 116 107 106 105 115 146 168 181 192 194 192 188 193 199 206 215 227 236 239 240 237 238 237 242 243 245 254 268 262 253 244 234 233 233 234 231 220 217 215 210 210 213 213 210 213 223 236 232 219 217 233 250 258 254 247 245 247 232 226 232 235 237 241 238 214 196
100 117 139 152 147 141 125 98 81 70 59 57 57 58 65 67 76 104 135 172 189 180 165 160 154 164 172 169 157 147 128 118 120 125 149 166 169 184 194 195 192 193 197 204 212 219 228 236 238 240 240 242 250 249 245 246 248 245 241 236 231 228 227 231 231 221 217 215 211 209 211 209 209 214 223 230 230 209 213 236 252 255 247 234 232 235 228 221 225 226 231 241 245 220 195
108 136 155 159 154 150 129 103 86 74 69 66 73 71 75 78 77 100 138 179 194 197 194 195 192 198 204 205 202 185 153 141 136 142 168 183 182 183 191 195 197 200 202 211 216 223 228 233 235 238 243 249 255 247 240 235 229 230 234 230 227 223 222 227 227 220 217 216 214 209 206 204 204 211 221 217 212 198 206 233 250 252 248 232 226 229 226 216 213 219 234 244 248 223 198
