CSS645Models/Rise_of_Radicalism/data/KIMB_DEM_1.asc
NCOLS 755
NROWS 555
XLLCORNER 675408.2608053425
YLLCORNER 8207116.6400367701
CELLSIZE 90.000000
NODATA_VALUE -99999
[rows 294 to 335 of 555, columns 570 to 664 of 755]
224 220 216 213 211 211 213 218 219 221 223 223 221 219 220 223 223 226 233 250 268 271 261 247 238 240 235 228 226 239 257 260 262 262 260 265 272 277 276 271 278 283 289 293 293 288 283 280 278 276 277 280 281 282 283 282 284 284 282 285 286 289 292 293 294 297 298 302 305 304 304 304 314 315 313 312 314 318 317 316 316 318 316 305 296 282 276 276 287 295 297 303 307 303 292
228 220 215 215 216 217 216 215 217 220 224 228 222 220 220 224 226 231 239 239 252 269 269 255 245 246 243 233 231 230 243 247 254 258 265 269 272 277 281 278 281 285 287 286 283 283 280 279 277 274 277 281 281 282 282 280 280 278 281 284 285 288 293 299 298 301 301 301 299 300 304 307 316 317 316 319 321 320 320 319 318 315 302 282 274 271 268 274 282 295 297 297 303 303 292
240 229 219 218 221 221 214 215 220 222 225 227 225 223 223 223 227 235 248 250 247 251 258 261 261 264 258 246 237 232 235 255 260 260 262 268 270 279 281 283 280 277 276 278 278 275 275 276 276 274 275 278 281 279 277 277 277 279 289 296 294 290 294 301 304 303 299 298 298 303 307 308 312 312 313 316 323 324 323 321 317 309 291 268 263 263 264 274 282 289 290 291 298 290 283
252 236 222 221 221 222 218 217 218 220 223 226 228 226 227 226 228 233 251 261 257 255 249 255 263 267 261 260 251 241 236 248 250 253 256 267 274 278 282 280 274 271 270 272 271 270 272 273 275 274 276 276 279 276 277 279 283 289 299 299 298 298 299 301 305 308 310 303 298 302 304 307 306 305 305 310 313 317 317 317 312 303 285 266 263 263 264 270 277 282 281 288 286 274 274
246 239 231 223 221 220 224 223 219 219 220 223 227 229 232 229 228 232 244 251 258 259 258 253 256 260 259 257 257 249 234 239 249 254 258 267 271 274 274 271 270 267 270 270 269 270 273 273 274 271 274 275 276 274 277 287 289 291 294 294 298 300 298 300 309 313 313 305 295 297 301 302 301 296 300 303 303 305 305 307 308 305 285 266 258 259 259 262 270 271 271 277 269 258 257
242 242 236 226 225 226 231 233 224 222 222 222 224 233 243 242 235 235 238 245 256 260 263 261 257 260 256 250 250 248 237 239 251 255 262 263 266 265 264 265 266 265 268 266 267 269 271 271 271 269 269 271 273 273 277 280 283 287 289 291 295 295 295 302 311 314 311 304 294 294 300 297 294 292 296 298 296 294 297 307 308 305 292 272 258 253 255 256 260 258 257 257 250 244 241
245 243 236 226 227 232 237 239 234 226 225 222 230 237 238 243 245 238 242 249 256 262 265 264 261 261 257 249 247 244 241 239 248 256 258 259 261 262 262 263 263 262 263 262 262 265 267 268 268 268 269 270 271 271 278 281 283 290 292 293 293 292 300 307 310 312 309 304 293 289 294 294 288 286 292 292 289 294 297 302 301 297 284 266 258 252 251 250 251 248 245 243 241 239 237
260 257 244 235 234 237 243 242 237 231 222 222 226 232 232 241 248 242 248 256 258 265 266 264 260 259 253 253 252 247 243 240 248 250 254 255 257 258 258 259 259 259 260 263 263 266 266 265 267 271 275 275 271 272 281 286 286 290 293 290 289 294 304 307 309 306 303 298 289 283 285 289 286 282 286 292 289 289 293 295 295 293 291 274 259 252 251 247 246 243 241 237 237 236 237
269 263 259 250 246 243 244 241 236 227 222 226 232 238 242 244 244 246 253 257 260 265 267 264 262 261 258 258 258 254 243 242 244 245 248 250 251 252 253 254 256 258 264 265 265 268 271 270 272 277 281 280 274 278 288 290 289 290 290 288 287 291 296 301 302 300 298 292 286 280 282 285 286 282 286 284 282 284 286 290 292 292 293 281 261 254 250 246 242 241 238 236 235 234 235
265 264 269 268 257 248 243 239 235 230 222 224 231 237 244 251 248 247 251 255 261 264 266 265 264 264 265 263 259 253 249 247 248 246 247 246 251 255 255 256 258 264 271 269 268 270 274 277 277 279 281 278 276 280 285 287 292 297 292 288 286 283 282 287 291 294 293 289 286 281 282 285 283 278 280 277 278 282 284 287 288 286 282 284 272 257 250 247 244 240 237 236 234 232 231
256 253 266 271 268 260 245 236 233 229 223 225 229 233 237 242 246 248 252 255 258 260 262 266 266 266 266 264 258 253 252 247 250 250 251 249 254 260 266 268 271 274 276 271 272 274 275 277 280 282 283 281 279 281 283 286 293 299 298 295 291 284 278 277 281 287 287 285 286 281 279 277 277 275 273 274 281 283 281 280 278 277 278 287 287 260 248 246 244 240 236 234 234 233 231
246 250 263 272 273 264 246 239 231 227 224 224 226 232 236 238 243 245 247 254 258 260 259 262 260 263 265 267 265 264 262 255 251 255 257 260 258 266 271 270 272 274 275 273 275 278 279 277 278 282 282 283 284 284 286 292 296 300 299 296 293 285 279 274 276 287 287 285 282 281 278 273 273 274 271 271 273 273 272 269 274 279 283 282 272 253 246 244 243 238 237 235 234 232 231
239 246 257 265 264 261 252 241 232 227 226 226 232 235 240 241 241 242 246 251 255 255 255 258 262 263 279 270 265 264 261 259 255 258 263 266 266 266 269 268 269 274 277 278 282 287 289 286 286 286 286 286 287 287 287 293 297 297 291 287 285 279 274 274 276 278 281 281 275 275 273 271 270 271 271 269 268 266 266 268 277 281 275 266 254 246 243 241 242 240 237 235 234 231 231
239 246 254 257 256 256 252 239 231 229 227 227 231 235 240 241 240 244 248 250 251 254 258 267 276 277 284 280 276 272 266 261 258 258 260 262 262 265 271 272 272 274 279 284 291 297 301 303 301 300 297 296 295 292 294 294 293 292 285 281 285 279 274 271 271 274 272 272 270 268 269 269 266 270 272 269 265 262 261 270 274 267 255 248 245 241 240 240 240 239 238 235 235 233 231
245 248 254 254 251 252 251 238 229 226 227 227 232 233 234 234 237 243 246 249 254 262 267 279 283 280 281 283 281 281 279 269 260 261 265 267 275 282 287 290 287 284 281 281 284 291 300 299 299 300 302 301 300 298 297 297 297 294 285 281 278 275 273 269 267 269 269 268 268 265 262 264 265 271 274 272 269 260 258 267 263 254 249 245 243 242 239 239 239 238 237 238 236 232 230
241 250 254 252 248 249 247 235 230 227 228 229 231 232 234 239 240 241 246 256 261 268 275 279 283 286 282 284 285 284 282 270 260 267 275 280 285 288 291 291 291 292 288 288 289 286 287 291 293 296 297 298 298 299 294 296 297 294 288 283 276 272 271 269 265 264 264 265 265 263 260 261 266 274 279 279 276 266 257 254 249 247 244 243 242 240 239 236 238 237 236 235 235 232 233
244 250 247 243 241 238 237 236 232 230 231 237 238 232 236 239 242 246 252 258 263 272 280 281 285 288 284 282 282 281 281 272 261 264 276 281 285 287 287 287 288 289 290 290 295 294 290 292 292 293 291 290 291 299 294 296 295 289 284 280 276 273 272 270 266 265 264 263 262 262 259 260 265 271 276 279 276 269 258 252 249 247 245 242 241 240 242 237 236 237 237 235 236 235 234
239 244 242 240 239 242 242 241 235 232 230 238 242 237 240 242 243 248 253 260 270 276 284 286 287 289 286 284 279 275 272 266 267 267 272 278 282 280 281 283 284 284 287 289 290 293 294 294 295 294 290 290 291 293 289 291 292 286 281 278 276 273 271 270 265 263 262 262 260 259 257 258 262 266 269 270 268 264 258 256 252 250 246 242 241 242 243 240 238 238 240 240 239 236 235
236 243 241 240 245 244 240 235 234 231 230 241 242 241 245 244 250 253 260 263 270 275 281 287 286 287 286 285 280 273 269 271 277 275 269 272 275 275 277 278 281 283 284 287 289 291 294 297 295 294 290 287 285 284 287 290 290 287 281 277 274 272 270 267 264 264 264 263 260 258 256 258 258 258 259 259 260 261 260 259 256 248 245 242 244 245 243 244 251 254 257 249 242 238 237
235 246 249 246 243 239 236 236 233 232 233 240 244 244 245 248 249 254 260 265 272 277 282 285 285 284 283 284 282 278 274 274 276 276 273 269 269 273 275 278 279 282 283 284 287 290 294 297 297 297 293 289 286 282 281 284 287 287 286 281 275 271 270 268 265 266 267 266 263 258 257 256 255 255 253 254 255 255 253 256 251 244 242 242 244 247 250 260 267 268 263 251 243 239 239
237 244 251 252 246 242 237 234 232 233 234 240 243 246 247 253 257 258 262 266 270 274 277 281 282 281 282 283 282 280 278 278 278 275 273 272 270 271 272 275 276 279 282 283 287 290 295 299 302 301 297 294 291 285 281 278 278 280 280 282 279 277 274 271 268 267 266 265 262 259 257 256 256 254 251 251 250 247 248 250 246 244 242 244 247 252 257 265 262 257 252 245 242 242 243
235 234 239 251 251 242 237 235 235 233 236 239 241 246 249 253 259 265 271 275 277 274 276 277 278 277 279 280 281 282 282 281 278 277 276 274 272 272 273 275 276 279 282 283 287 290 294 303 313 311 307 300 295 289 285 280 278 276 274 278 277 277 275 272 268 267 265 265 261 260 257 256 256 255 254 254 251 247 248 253 250 244 246 249 257 260 262 260 253 249 248 251 253 256 255
230 229 233 241 243 243 242 238 235 234 234 237 238 243 251 255 266 278 287 291 287 277 270 272 274 275 276 277 278 282 282 282 282 280 280 277 277 273 273 275 276 278 282 285 286 291 300 317 337 333 322 311 300 292 288 288 286 279 275 273 272 271 269 268 266 263 262 261 261 259 258 257 255 254 254 253 251 251 254 261 264 251 248 252 262 265 260 256 254 253 258 257 258 260 253
226 228 230 235 238 249 248 239 235 234 237 238 242 247 253 258 271 287 291 290 282 278 270 266 271 273 273 274 276 279 281 281 282 283 283 282 277 273 273 273 276 280 282 283 288 292 305 326 339 330 316 311 301 294 292 293 292 285 281 275 273 271 268 268 267 266 262 261 260 260 258 256 256 256 256 254 254 260 257 257 256 251 249 250 256 259 257 259 264 262 262 260 258 254 251
234 236 233 234 241 251 247 239 236 235 237 239 242 246 254 267 280 288 283 279 276 278 271 263 268 270 271 270 274 277 278 279 281 283 283 282 279 279 278 276 278 278 281 286 297 304 310 320 323 315 310 305 301 299 301 304 306 302 296 282 275 276 274 272 272 269 265 264 261 260 258 257 259 258 257 255 255 260 261 256 256 255 254 251 253 256 261 269 271 269 262 258 255 257 256
239 243 243 238 239 243 244 239 237 237 240 242 243 246 256 266 271 273 273 274 277 271 267 260 263 265 267 269 272 273 273 274 281 283 283 286 286 283 281 277 276 276 279 290 301 301 302 304 302 301 301 300 299 300 302 303 301 301 297 293 292 290 284 279 275 272 269 268 264 261 260 260 261 260 257 256 258 260 265 262 265 260 256 254 256 263 268 271 272 272 263 259 260 262 260
240 258 259 244 248 247 245 241 238 239 244 244 245 248 249 252 259 267 278 280 280 277 270 263 262 262 262 266 268 273 273 274 280 285 288 295 294 287 282 279 278 278 280 285 291 291 293 292 291 294 294 296 297 300 301 308 308 306 308 317 321 311 298 288 284 278 273 271 266 264 262 262 262 264 261 259 260 259 265 270 272 261 259 259 263 267 270 274 277 274 264 263 263 262 256
253 276 274 256 253 251 246 243 239 240 243 242 245 248 250 252 266 281 284 281 273 276 276 263 258 261 263 266 268 269 270 278 292 299 303 314 312 300 291 285 281 279 279 282 283 286 288 288 293 298 297 302 305 308 305 315 323 321 318 321 328 328 312 300 297 287 275 271 270 268 264 264 265 265 265 264 263 264 264 266 266 261 261 266 268 272 273 272 275 271 262 258 256 257 251
248 271 274 261 254 250 250 242 240 243 242 240 243 246 251 254 263 272 277 275 267 266 263 257 258 261 263 265 268 268 271 286 299 311 312 317 313 308 300 290 283 284 283 282 284 286 288 293 300 304 303 309 313 314 311 311 323 328 324 323 327 327 323 319 312 298 281 275 275 270 266 266 266 267 268 271 269 268 264 260 261 264 263 266 269 276 274 269 268 265 258 250 247 245 242
242 262 279 278 268 263 258 245 243 243 242 242 244 245 249 254 260 258 258 257 255 257 263 257 258 263 271 276 279 275 274 280 294 307 308 304 299 291 289 288 287 288 285 283 283 288 291 297 304 307 313 318 319 318 305 299 311 321 321 323 326 327 326 324 321 311 296 284 278 270 266 264 262 264 269 271 270 270 264 258 257 258 262 267 274 273 268 264 266 261 253 252 249 245 239
249 275 282 280 263 257 253 246 244 243 244 242 244 245 247 248 250 250 257 259 255 257 258 259 265 266 272 278 280 280 281 284 292 301 301 296 292 294 298 297 296 294 291 285 282 286 289 293 301 312 327 334 331 323 314 294 297 311 319 327 327 327 325 323 316 314 304 289 279 273 268 266 265 262 259 258 262 268 266 257 258 254 259 266 272 270 264 260 266 265 266 268 258 249 242
257 273 281 269 261 255 250 247 245 244 245 245 246 248 248 248 250 250 257 259 257 262 260 262 266 265 269 272 274 279 282 290 301 306 300 295 297 301 307 310 310 303 298 291 284 282 285 289 292 302 322 334 333 325 317 302 289 303 322 330 328 324 319 317 304 302 291 283 277 271 269 273 274 271 260 253 253 260 259 259 268 255 257 265 266 269 262 257 266 272 274 270 262 247 238
256 271 268 259 263 261 253 249 247 245 246 247 248 249 251 248 250 254 266 267 270 269 260 262 269 273 273 278 277 277 277 289 300 309 305 297 298 302 311 315 320 311 301 294 289 285 278 282 285 293 310 327 333 330 324 316 297 294 312 323 325 323 316 311 294 287 283 279 274 273 274 276 275 269 265 264 258 252 251 259 263 252 249 251 259 268 263 253 255 266 270 262 254 247 241
241 252 255 254 254 255 252 249 249 248 249 251 248 249 251 252 253 250 257 265 271 268 261 267 277 279 277 288 289 282 280 288 293 299 296 292 294 296 304 315 321 314 302 294 293 288 280 274 278 289 306 324 335 336 329 320 303 286 293 312 320 325 322 309 290 285 283 277 278 278 276 279 275 272 268 269 266 256 247 248 247 246 246 246 253 262 255 249 252 267 273 265 256 256 249
236 239 245 246 246 249 253 251 248 247 249 251 252 249 253 256 259 253 254 257 257 260 262 271 283 284 281 289 295 294 288 283 286 288 288 295 297 299 303 313 321 314 300 297 296 294 290 279 275 288 303 322 335 339 331 320 309 296 287 298 316 329 335 321 307 300 295 287 284 281 280 283 284 281 278 278 273 259 257 254 245 244 242 243 245 245 244 247 253 269 279 274 271 269 259
238 237 240 242 242 249 257 251 248 247 249 251 255 257 260 266 274 267 263 260 256 258 267 277 284 285 285 290 292 294 290 283 285 292 297 306 307 310 312 318 322 312 303 302 299 300 303 295 281 276 292 310 323 329 325 317 315 309 291 289 310 323 330 324 318 315 306 298 288 284 285 287 287 284 285 285 274 267 281 279 256 241 240 242 241 240 242 249 261 275 279 276 270 262 254
242 240 238 238 240 249 257 257 254 252 252 252 256 261 269 283 299 296 283 269 260 256 262 276 282 281 288 285 285 288 292 293 290 297 303 307 309 313 315 317 317 310 308 310 306 307 313 306 292 274 278 295 311 317 322 320 318 312 292 282 302 321 323 318 315 316 311 298 292 287 287 287 285 282 283 283 276 284 295 282 259 244 239 239 236 236 240 245 257 264 269 261 254 248 244
245 244 242 238 240 248 254 261 258 259 258 255 259 270 289 312 330 330 308 280 264 259 258 265 271 277 278 279 283 289 293 295 294 294 300 306 310 313 314 312 312 315 318 320 317 311 318 316 302 284 269 280 295 310 318 320 317 307 288 275 292 316 324 313 309 313 313 306 300 287 286 286 282 277 276 278 280 284 282 267 251 242 239 236 235 234 235 234 240 243 246 242 238 235 232
245 244 242 243 242 242 253 262 261 257 257 258 260 276 293 315 334 342 320 290 267 261 261 261 264 265 270 277 279 284 289 292 293 292 295 302 306 310 310 306 305 312 318 321 319 316 318 317 305 292 277 270 285 302 303 309 319 311 289 273 278 301 316 306 297 308 313 311 299 284 285 283 279 273 270 268 268 266 261 256 247 243 237 233 233 234 234 232 233 232 232 231 230 230 229
252 253 254 258 248 242 248 256 257 254 255 259 265 276 288 307 327 338 320 286 267 263 262 262 262 264 264 270 272 273 280 287 289 291 290 295 302 306 305 300 304 312 314 313 310 310 310 316 314 302 290 275 269 278 284 301 312 312 303 275 269 287 304 299 295 304 306 298 287 280 283 281 277 275 272 265 263 259 255 246 240 238 234 232 229 232 232 229 231 228 228 227 226 228 226
267 271 269 266 261 253 245 248 251 251 253 257 261 274 286 301 314 319 307 281 271 272 268 268 266 267 267 268 270 268 274 279 283 285 283 288 294 300 301 297 302 303 303 308 304 303 307 315 315 304 294 283 270 267 279 301 309 313 307 280 265 275 290 291 294 306 294 283 277 278 282 281 279 278 275 273 265 258 254 244 237 232 232 230 231 232 229 227 227 226 227 225 225 226 226
281 287 279 273 265 262 256 249 249 251 257 259 264 274 290 304 308 300 291 277 274 276 276 275 275 271 271 272 271 271 273 273 277 279 278 284 290 296 295 294 296 292 291 295 292 294 308 310 310 306 303 295 277 267 271 285 298 310 304 283 264 263 271 282 301 300 282 274 275 277 280 283 279 275 277 276 267 256 252 249 240 237 234 229 230 229 227 227 227 225 225 225 225 226 225
