CSS645Models/Rise_of_Radicalism/data/KIMB_DEM_1.asc
NCOLS 755
NROWS 555
XLLCORNER 675408.2608053425
YLLCORNER 8207116.6400367701
CELLSIZE 90.000000
NODATA_VALUE -99999
[rows 168 to 209 of 555, columns 95 to 189 of 755]
73 79 85 85 81 77 68 59 60 60 61 66 60 54 54 52 52 54 56 64 79 93 86 87 78 70 67 62 56 61 57 49 48 38 39 51 61 59 68 63 63 66 83 96 101 101 98 98 100 99 91 82 75 73 68 66 65 65 73 90 108 112 113 112 108 101 97 90 86 77 66 63 64 67 72 84 103 122 124 132 162 171 188 201 208 213 221 222 224 219 209 188 197 210 217
82 81 90 87 81 78 69 59 58 58 59 67 60 54 50 48 50 56 66 76 83 90 82 84 76 65 67 62 56 49 45 38 33 32 49 63 63 66 70 64 62 70 85 92 96 98 96 101 102 98 88 82 76 73 69 64 64 62 80 102 115 113 113 112 109 103 101 101 96 67 65 64 62 63 66 70 80 88 92 103 127 146 166 187 195 205 212 218 219 216 195 170 193 211 221
81 75 86 85 81 74 65 58 59 61 64 71 68 58 56 45 53 58 71 74 82 82 76 84 76 65 59 57 50 45 38 29 31 38 59 65 63 71 69 63 72 82 89 91 94 99 105 110 103 108 97 86 78 73 69 69 67 60 81 106 113 112 114 117 110 104 110 109 81 70 66 65 63 62 63 66 73 76 80 90 101 115 137 172 191 203 209 213 212 206 168 147 161 195 215
74 66 76 79 77 70 57 59 57 61 66 75 72 67 61 48 51 54 61 70 82 82 76 80 77 64 62 53 42 33 28 35 44 45 54 64 65 74 70 63 83 95 95 98 95 102 117 121 115 114 104 93 76 72 71 78 69 57 76 100 112 112 114 115 108 106 103 85 75 71 66 62 61 61 61 65 68 73 77 82 91 108 135 174 193 194 199 206 197 165 131 130 143 167 195
65 62 71 71 72 62 49 54 59 66 69 77 76 68 60 47 47 54 61 70 80 67 69 77 72 61 62 57 36 27 29 37 41 44 47 64 69 75 64 69 94 99 103 109 103 113 129 133 121 111 102 91 76 73 74 79 63 56 73 97 106 106 108 113 110 111 90 77 73 72 70 63 62 61 60 64 67 70 72 77 85 100 128 154 176 182 172 171 149 121 114 117 128 142 172
57 51 63 63 61 54 48 52 61 68 70 76 74 70 60 47 47 50 59 72 81 68 64 71 70 58 57 48 30 28 29 30 36 41 43 66 75 79 65 83 102 107 116 122 117 121 131 132 125 113 103 89 76 73 74 78 68 55 65 93 104 103 108 116 111 113 94 78 77 77 72 75 71 61 62 65 64 66 70 72 78 90 107 122 132 129 122 118 114 107 102 105 117 129 151
52 48 53 55 50 48 47 48 57 63 66 76 74 70 69 51 42 48 62 73 78 65 66 66 65 65 49 34 28 27 27 32 37 39 44 64 71 72 60 91 106 117 122 133 134 137 137 131 127 117 103 97 81 77 76 77 71 57 61 93 105 103 114 114 119 117 102 98 92 91 91 87 79 63 66 66 66 65 68 70 73 77 85 95 101 98 95 94 95 93 92 97 108 119 138
43 41 45 45 45 43 42 47 57 63 66 72 76 71 75 64 41 49 64 71 76 65 67 67 59 56 44 30 25 28 33 36 37 37 42 48 52 62 57 91 109 125 137 146 145 146 142 134 130 116 103 105 88 81 77 77 71 56 61 93 104 101 109 113 119 112 108 112 114 111 104 95 89 65 64 66 66 66 66 68 68 72 77 82 87 86 82 82 83 83 84 88 96 109 127
34 38 36 34 44 43 42 47 57 60 65 71 81 70 71 62 40 45 64 69 70 59 66 65 64 49 36 29 26 32 42 38 38 39 44 40 43 45 55 85 105 135 153 156 157 153 144 136 130 120 107 105 89 80 79 77 73 59 57 90 103 97 113 114 116 111 116 116 123 123 120 112 91 64 65 67 67 66 68 68 68 70 73 76 78 79 77 78 78 77 76 79 85 94 108
21 26 36 34 44 39 39 46 55 59 65 74 81 70 67 58 44 41 56 62 61 57 62 57 49 42 34 27 29 39 41 38 37 38 44 41 38 39 55 85 115 146 163 166 164 161 153 143 135 123 101 92 81 79 79 78 76 71 56 78 100 107 112 115 118 115 113 115 121 121 122 116 97 65 61 64 67 69 68 69 70 71 71 72 74 76 75 73 74 74 72 71 75 81 89
21 26 25 28 37 36 36 46 53 59 62 73 79 72 61 54 44 37 49 58 56 54 54 43 38 35 30 29 32 40 43 39 38 37 42 39 37 42 70 97 123 147 164 172 169 163 155 148 139 125 106 96 76 79 78 76 78 77 55 71 99 110 115 116 115 118 122 120 116 114 110 106 94 62 59 63 65 66 67 70 70 71 72 72 73 73 72 71 71 67 63 65 69 74 80
9 10 13 24 35 34 36 48 55 55 60 66 75 77 61 53 47 37 45 54 52 50 43 38 35 34 29 30 36 40 43 41 38 36 37 34 34 50 80 103 123 144 167 175 171 166 158 153 142 126 106 99 73 77 77 75 75 76 54 88 100 114 113 116 117 123 124 114 110 109 97 91 80 61 60 61 63 66 68 69 68 68 71 72 72 71 69 68 65 65 62 63 67 66 69
11 9 7 15 22 29 34 40 47 51 57 60 71 75 61 57 48 35 45 53 41 38 35 37 35 29 32 32 36 42 42 41 34 33 35 33 39 64 89 110 127 154 177 179 174 167 161 154 143 123 100 89 64 74 76 74 71 65 57 80 103 114 110 117 123 122 115 108 108 106 99 87 69 55 55 58 63 64 66 66 66 66 68 70 68 69 66 65 64 62 62 62 62 62 64
20 17 11 13 19 22 25 28 34 37 42 46 56 60 54 56 54 38 36 41 29 30 33 34 29 31 35 39 37 39 37 36 32 31 32 33 45 77 102 117 141 177 183 181 179 172 164 156 140 123 94 70 59 73 75 74 71 48 51 75 100 111 119 119 117 102 100 103 106 103 96 84 65 52 52 58 60 61 61 64 65 64 66 69 69 68 66 63 62 61 59 59 59 60 62
27 25 16 10 16 23 24 24 26 26 30 32 34 40 42 44 42 32 27 28 25 27 28 26 31 34 38 41 38 34 33 32 30 30 31 34 50 81 107 126 160 182 185 183 176 171 165 154 141 125 91 53 60 76 76 76 67 52 45 67 92 106 115 112 103 89 97 99 98 100 96 83 63 54 52 57 58 61 61 63 64 65 67 69 68 68 64 61 59 59 57 58 59 59 59
25 25 15 8 14 21 27 29 29 31 33 34 34 44 45 41 36 31 30 26 24 23 25 28 34 33 41 43 35 32 31 30 29 34 36 37 61 85 108 133 155 167 179 173 166 164 162 154 141 120 88 54 59 72 77 71 68 53 42 63 92 96 95 91 85 82 87 94 89 87 89 86 71 56 51 56 57 57 60 61 64 66 65 67 66 63 61 59 58 56 57 59 58 59 60
25 22 16 10 16 17 27 30 30 34 33 35 44 54 51 41 36 26 25 27 27 26 28 27 27 30 34 38 29 29 30 30 36 41 39 37 59 77 107 126 141 156 163 161 161 158 155 149 142 112 70 48 63 67 70 70 72 60 46 63 87 83 84 81 78 78 78 83 77 73 73 75 70 59 51 54 56 57 59 61 63 65 65 67 66 64 61 58 60 59 58 58 62 63 64
22 20 15 11 16 16 22 24 28 30 29 33 43 46 44 37 34 26 25 28 31 37 33 36 35 27 25 28 27 25 26 35 48 41 37 36 53 75 101 111 127 150 153 153 153 149 145 143 137 106 62 41 57 65 64 66 67 57 43 56 78 81 82 81 77 77 73 74 73 66 66 71 69 60 49 50 52 52 57 59 62 63 64 67 66 64 62 62 64 65 61 59 64 67 68
23 18 15 14 12 15 21 23 22 26 27 30 34 36 37 29 24 26 31 37 41 47 41 46 40 29 31 31 25 26 36 54 57 43 37 40 65 80 91 95 123 144 148 150 149 146 140 137 121 90 50 37 60 59 55 61 59 50 41 50 75 76 74 74 72 73 73 71 67 62 65 67 61 52 47 50 51 51 55 57 58 59 60 60 64 66 64 64 67 65 58 61 71 72 71
36 22 16 14 13 12 12 18 22 25 27 29 28 29 26 21 29 33 31 43 50 49 54 52 42 32 42 41 29 28 39 64 57 43 39 44 66 72 73 82 119 136 142 145 143 138 134 130 107 70 40 60 56 54 52 54 54 43 40 52 74 72 61 52 52 58 60 62 60 53 54 56 53 49 46 48 51 49 52 57 58 58 55 56 64 66 64 60 60 55 51 67 69 66 63
42 30 25 18 16 15 12 13 19 22 25 28 27 21 20 21 27 29 31 43 52 55 59 56 44 43 51 41 30 30 31 42 44 47 41 44 59 59 69 84 116 134 142 142 136 134 131 118 86 52 42 53 52 50 48 47 43 43 40 46 58 53 47 43 46 50 47 46 46 45 45 51 49 45 45 47 47 46 53 56 57 57 51 56 64 65 60 56 58 48 52 58 69 66 63
51 37 37 30 31 17 14 13 13 17 21 24 22 16 18 20 24 29 35 39 50 61 61 57 53 58 56 34 30 38 43 42 39 40 44 48 46 53 70 91 111 130 141 137 133 132 122 102 71 32 41 46 43 39 37 43 42 44 41 39 44 43 39 42 50 50 48 45 41 41 41 42 43 43 42 44 43 45 51 54 57 53 52 61 63 59 51 49 49 48 52 58 59 65 75
65 53 39 35 44 34 19 15 13 11 15 17 16 18 19 18 23 29 33 38 40 54 56 55 60 57 48 33 31 33 43 54 43 35 40 43 43 58 66 87 103 113 124 126 122 118 101 84 46 33 41 42 36 36 34 34 36 39 36 36 44 46 41 40 48 51 52 50 44 42 40 38 39 39 39 40 39 40 42 43 44 43 47 47 46 45 51 49 49 50 54 62 76 93 106
75 61 41 46 56 58 43 28 20 17 15 14 15 16 18 18 23 29 35 39 37 43 41 46 55 49 38 33 31 34 40 53 43 34 32 34 47 57 62 75 84 93 106 106 108 99 82 55 39 31 36 35 30 31 31 35 38 36 34 35 46 52 43 37 42 48 46 48 45 43 39 38 36 37 38 38 39 40 43 47 46 45 46 47 46 45 45 47 49 56 75 93 107 122 126
88 73 58 66 76 76 73 67 48 27 19 15 14 16 17 19 21 27 32 37 31 34 31 37 45 40 36 33 32 38 48 48 38 33 32 34 42 51 56 66 74 76 84 86 87 79 60 54 37 29 31 30 27 29 30 34 36 35 33 32 45 51 40 34 35 36 37 37 36 35 35 36 39 41 40 39 41 41 45 53 60 45 46 48 49 52 54 61 62 71 91 109 121 131 134
99 91 75 79 88 90 92 84 69 41 29 20 15 17 19 21 20 21 24 28 27 29 29 34 36 34 34 36 33 42 47 39 43 34 38 36 32 41 47 60 66 67 67 69 73 65 61 49 31 29 29 29 29 28 28 30 28 29 29 31 41 43 35 32 33 33 34 34 34 36 39 39 39 37 37 42 48 55 45 53 60 60 65 70 70 65 70 75 71 79 95 115 128 138 143
104 105 91 93 99 96 95 87 70 56 60 45 32 21 20 22 22 19 17 18 21 23 26 29 26 28 31 36 32 40 40 34 37 37 40 36 34 36 39 55 61 60 61 60 71 66 57 37 25 26 25 26 26 26 28 28 28 29 28 30 31 31 30 30 32 33 33 33 33 34 37 37 37 37 40 42 48 55 72 94 101 95 104 107 94 79 79 77 74 88 103 120 129 142 150
110 109 103 100 111 107 100 83 68 64 63 63 55 44 32 21 21 21 17 18 20 20 22 21 22 22 27 28 31 35 31 28 34 44 40 36 33 39 47 44 40 43 55 62 65 60 43 29 26 24 24 26 26 26 27 27 28 28 28 29 28 29 30 31 32 32 33 32 33 34 33 34 37 37 40 48 63 80 97 117 120 113 121 121 105 97 98 79 79 96 107 120 133 146 153
115 118 114 109 114 113 103 83 76 62 58 60 57 45 38 26 21 25 22 21 23 21 23 19 16 18 20 21 24 26 23 23 36 40 37 35 33 36 45 44 44 37 41 46 50 47 33 23 24 27 25 27 27 26 27 26 26 28 28 29 28 29 31 32 31 31 31 32 34 34 33 34 38 40 46 64 80 97 110 122 127 121 131 130 118 108 111 90 97 113 122 137 151 158 162
119 121 121 114 110 107 93 79 72 62 60 61 55 42 40 25 25 30 27 26 28 29 34 33 35 35 26 25 21 20 20 21 21 29 31 30 29 33 39 41 40 37 33 31 31 28 24 23 24 28 29 30 29 29 27 26 27 28 29 28 30 29 29 31 31 31 31 32 34 37 36 38 44 50 63 78 94 107 119 125 130 134 138 136 131 119 121 107 120 125 138 153 158 167 170
124 122 115 105 97 86 76 72 64 63 62 58 50 39 29 24 29 42 42 37 34 31 35 41 41 37 37 47 48 43 29 29 23 20 20 20 23 26 30 36 37 34 34 33 27 22 23 24 26 29 32 33 31 30 31 31 29 28 30 29 29 30 30 31 31 31 33 33 36 36 36 41 50 60 69 84 104 113 119 125 140 142 137 132 138 129 125 113 125 134 149 159 164 168 167
118 118 108 92 75 65 63 66 66 64 60 52 44 32 31 45 36 46 51 45 39 35 38 46 43 40 47 60 63 57 46 46 40 38 36 27 21 19 24 28 30 29 28 28 24 24 24 25 32 41 43 37 33 33 31 30 30 29 31 30 29 30 30 30 31 32 33 33 34 37 38 46 51 59 70 87 105 112 115 124 136 137 126 131 125 111 110 109 126 142 154 166 168 166 152
111 111 97 72 60 58 59 67 65 61 57 48 36 32 47 54 45 48 55 45 44 45 46 53 52 53 55 63 64 56 53 48 50 52 47 37 28 30 23 19 21 26 27 23 23 24 23 24 34 47 48 43 37 35 34 33 34 29 31 30 30 31 33 31 32 34 33 35 37 42 50 54 61 65 73 88 102 107 124 130 129 127 122 120 108 105 103 107 125 144 153 161 160 142 130
104 99 77 57 53 54 55 59 58 57 50 39 32 50 58 54 47 45 53 46 50 55 52 50 60 64 61 65 63 57 56 53 60 62 58 43 33 36 34 29 23 21 23 24 24 23 23 24 29 41 51 51 44 38 34 33 34 32 32 33 33 33 33 33 37 40 42 42 47 57 58 58 65 77 93 109 111 107 131 135 125 118 127 118 104 102 99 111 125 143 150 153 146 121 131
100 93 65 56 54 54 56 59 60 54 39 34 52 65 62 58 51 50 57 61 64 60 50 51 59 68 66 65 60 59 57 65 68 70 70 55 40 41 44 42 38 27 23 23 22 25 25 24 27 35 45 51 44 38 36 35 35 35 36 38 39 36 36 42 48 59 63 58 62 69 73 72 81 106 122 123 115 120 138 139 118 115 127 124 104 99 92 108 119 138 147 146 135 122 136
95 83 56 52 52 55 59 60 57 43 36 52 67 67 65 60 55 51 59 71 72 63 53 56 62 67 68 67 64 65 66 77 78 78 77 46 50 46 51 48 46 32 26 25 27 43 44 30 27 35 45 51 52 43 40 36 36 37 36 43 46 47 53 61 66 71 69 67 72 77 89 87 105 127 137 128 116 126 133 132 116 121 126 117 94 96 91 107 117 131 142 139 122 117 128
83 70 51 51 50 62 60 58 44 39 48 65 73 69 67 62 59 51 59 71 71 66 62 64 71 70 73 72 73 78 80 86 89 87 72 49 51 47 50 48 44 30 25 25 36 57 44 30 27 25 27 31 40 42 41 40 38 38 44 45 48 57 63 68 66 67 67 77 84 89 100 103 121 134 132 122 120 126 132 127 113 124 118 105 83 80 79 100 114 126 132 125 108 109 131
72 61 53 48 48 61 61 50 38 51 55 64 72 68 70 64 57 56 69 74 74 70 68 68 72 76 74 74 86 88 92 96 100 92 74 58 53 46 47 45 39 29 26 25 36 57 64 47 36 28 25 24 28 33 38 40 36 37 39 38 44 54 60 64 59 56 64 79 81 87 95 107 119 124 125 116 112 119 122 113 109 115 109 94 68 61 76 97 107 122 125 119 102 104 132
68 60 54 47 47 50 50 41 52 59 62 66 67 67 70 60 56 66 76 76 75 77 73 73 75 77 73 85 102 107 107 113 105 94 80 70 57 54 51 51 39 29 26 30 49 63 67 64 57 45 34 29 28 27 29 30 31 30 32 32 35 37 46 56 48 48 60 68 69 72 81 96 105 110 114 101 101 111 105 92 100 109 103 84 61 59 82 98 101 111 119 113 98 103 128
66 64 61 48 43 39 40 51 62 64 64 69 70 69 65 59 60 74 74 75 76 79 77 78 77 75 77 99 116 126 124 113 104 89 82 73 59 54 51 51 44 31 27 28 46 62 69 72 68 68 65 50 32 30 28 29 31 28 28 28 30 32 38 43 41 45 52 51 55 71 79 88 94 95 91 83 89 96 84 73 93 102 101 82 61 64 85 99 99 110 115 108 93 101 115
69 69 63 52 41 41 50 57 64 66 66 73 72 69 65 59 66 78 76 74 74 78 80 79 79 80 93 115 129 143 124 112 96 84 82 73 59 58 59 55 48 33 27 29 41 61 77 82 78 74 74 64 54 51 40 35 38 41 39 36 33 34 33 33 34 38 38 45 54 62 70 80 77 80 71 70 77 75 58 61 74 89 94 83 60 74 90 101 104 115 119 110 88 100 105
75 70 66 53 39 48 58 64 61 63 68 76 77 75 69 63 71 76 74 73 71 77 79 80 81 85 107 128 142 137 125 112 96 84 76 68 61 59 60 53 42 36 31 30 44 61 83 89 87 84 75 66 69 63 54 42 48 58 60 46 34 42 41 37 34 32 31 34 39 45 54 65 61 67 59 73 74 64 53 64 70 81 87 75 62 80 89 94 99 112 113 102 83 90 99
