CSS645Models/Rise_of_Radicalism/data/KIMB_DEM_1.asc
NCOLS 755
NROWS 555
XLLCORNER 675408.2608053425
YLLCORNER 8207116.6400367701
CELLSIZE 90.000000
NODATA_VALUE -99999
[rows 462 to 503 of 555, columns 285 to 379 of 755]
183 181 180 180 181 180 179 176 174 171 171 171 168 169 167 167 168 169 170 172 171 172 173 174 178 186 186 190 202 203 199 198 194 188 185 183 187 192 192 182 176 173 171 172 173 173 171 164 162 161 161 159 158 157 157 157 155 155 154 155 154 154 153 153 154 154 153 153 152 153 153 154 155 156 153 153 155 167 191 203 205 205 204 204 202 202 202 203 206 211 222 229 231 230 231
184 181 181 184 184 182 179 176 174 173 173 171 170 168 169 166 168 169 170 173 173 172 172 173 177 184 186 192 198 194 191 188 188 185 182 180 181 182 178 177 174 172 171 173 174 170 168 162 161 160 159 159 158 157 157 157 154 155 154 155 155 153 154 155 155 154 154 155 156 154 154 154 156 154 152 152 156 177 200 209 207 207 206 205 203 203 202 203 208 217 224 228 229 230 229
184 181 182 187 184 181 180 176 174 173 176 175 174 172 170 168 168 171 172 174 175 174 176 174 176 179 183 188 192 190 187 184 183 180 177 178 178 177 176 174 172 172 171 173 172 169 167 162 162 160 159 159 158 156 157 157 154 154 154 155 154 154 155 154 156 154 156 158 157 155 156 153 155 154 154 153 161 183 202 208 208 205 206 206 204 204 205 206 211 220 224 227 228 228 229
186 184 184 184 185 182 178 177 176 179 183 180 176 173 171 171 168 171 174 177 178 177 178 178 178 179 180 185 190 190 181 180 180 180 177 176 175 174 175 172 172 171 170 169 167 165 164 162 161 160 160 159 158 156 155 154 154 154 154 155 155 155 154 154 154 155 156 157 157 157 155 154 155 154 154 154 167 196 205 207 208 207 207 206 206 207 207 208 211 220 224 224 226 227 230
187 187 188 188 184 181 179 179 179 182 182 180 175 172 172 171 169 172 175 182 188 190 191 186 185 182 181 185 191 189 182 180 179 178 176 175 175 172 173 172 171 169 170 168 166 163 163 163 161 160 160 159 158 156 155 156 156 155 155 154 155 155 154 154 155 155 157 158 158 157 156 155 155 154 152 153 169 199 207 208 208 208 208 207 206 206 208 210 213 218 224 225 224 226 228
187 191 192 190 186 183 179 180 181 180 178 177 175 173 170 169 170 173 177 191 207 216 215 212 205 189 186 187 196 189 182 178 177 176 174 172 174 172 171 171 170 169 168 167 166 165 163 163 161 160 159 159 159 159 156 155 156 155 154 155 155 155 155 153 156 156 157 159 159 158 158 156 156 154 154 154 164 191 203 205 208 209 209 209 207 208 211 212 218 220 222 222 225 225 228
201 200 197 196 194 188 184 183 183 181 180 177 175 175 173 172 172 173 177 194 219 238 248 245 227 202 193 196 195 185 179 175 175 176 175 172 172 172 170 168 169 167 169 168 166 165 164 162 162 160 159 158 158 158 157 156 156 156 155 157 155 154 154 154 155 154 156 159 159 160 159 159 160 163 170 157 168 193 203 205 207 210 211 209 208 209 212 214 219 220 220 222 224 225 228
213 206 210 213 216 203 192 187 186 183 181 178 178 176 175 172 174 175 178 195 219 245 257 245 222 200 198 212 211 194 180 175 174 173 172 172 171 171 169 169 169 167 169 168 166 166 164 162 161 159 159 158 158 157 157 156 156 156 157 157 156 154 154 154 154 155 157 158 160 161 163 165 167 182 181 159 172 198 203 208 208 210 211 212 211 211 212 216 219 220 221 223 225 227 231
226 221 239 249 243 218 199 191 189 188 183 185 181 177 177 176 176 176 180 191 205 225 235 215 198 186 188 199 207 200 186 177 172 170 170 171 169 169 169 169 169 167 168 166 165 166 165 162 161 159 159 158 159 157 157 156 157 156 155 155 155 156 155 156 155 157 159 159 159 160 165 170 182 197 190 161 177 199 202 206 211 211 214 214 213 213 215 218 219 220 221 222 223 228 232
248 247 257 265 256 230 207 199 198 197 191 197 194 182 181 191 192 183 186 189 194 204 216 198 183 181 180 187 195 193 189 182 174 170 169 169 169 169 170 170 170 169 167 166 165 166 164 162 161 161 160 159 157 156 156 156 155 156 156 156 155 156 156 157 158 158 159 161 162 163 167 176 190 195 195 161 171 198 199 203 210 212 216 216 215 214 218 219 218 218 221 222 224 228 235
248 258 265 264 254 237 220 227 225 214 212 218 204 188 185 206 207 196 207 205 203 203 206 183 180 178 178 182 183 182 181 176 173 170 169 169 168 169 171 170 169 167 165 166 166 163 163 163 162 161 160 159 158 156 156 155 156 156 156 156 156 156 157 157 159 161 162 161 164 166 170 182 191 198 199 179 171 191 198 201 208 210 215 216 217 217 220 220 219 220 222 221 222 230 238
240 252 257 264 265 251 237 241 234 223 213 216 201 184 187 201 206 212 227 232 228 221 188 181 180 176 177 177 176 175 181 176 173 171 169 170 168 167 168 167 166 166 164 165 166 163 163 163 162 161 159 159 158 157 156 156 156 158 159 157 156 158 160 161 160 161 163 164 166 169 175 187 196 202 202 195 185 191 196 200 208 212 215 217 218 218 221 221 219 220 221 222 224 228 236
233 240 246 262 274 258 233 218 213 206 199 201 192 187 187 191 196 199 212 223 225 200 185 180 177 175 173 172 176 175 176 174 172 170 168 168 168 167 167 166 166 165 164 164 165 165 163 164 162 162 158 158 159 157 157 157 157 158 158 157 158 160 162 161 163 164 165 167 167 171 182 200 205 208 204 199 193 191 192 197 207 211 212 215 218 221 223 222 220 219 221 222 225 228 234
218 219 237 261 288 277 247 220 204 196 192 194 190 187 186 185 184 187 192 197 195 188 183 178 175 175 173 172 174 172 172 171 170 169 167 166 167 165 167 166 164 164 163 162 162 163 163 163 162 159 158 159 158 158 158 157 157 156 157 157 159 159 162 161 163 164 165 168 170 176 193 207 206 205 204 205 199 192 190 194 200 209 212 212 217 220 222 222 221 220 219 220 222 227 235
208 210 224 250 276 272 247 224 213 199 190 188 188 187 185 182 182 183 182 182 182 180 183 178 175 175 171 172 171 171 170 170 169 168 166 166 166 164 166 165 164 164 162 161 162 162 162 162 160 160 158 158 159 158 158 157 157 159 157 158 158 159 161 161 164 165 168 169 171 180 197 208 208 205 204 205 204 195 190 190 196 206 208 210 214 219 222 220 220 222 220 220 221 224 229
204 209 215 230 244 241 228 215 208 197 186 185 186 185 186 182 180 181 178 176 182 180 177 175 174 172 171 171 169 169 168 169 168 168 167 165 164 164 165 165 164 162 161 161 160 161 161 160 159 159 157 158 159 158 158 158 159 157 157 158 159 161 162 164 165 166 169 170 174 186 201 206 206 205 205 207 207 202 194 192 192 198 201 206 210 219 221 220 220 223 220 219 220 222 224
204 205 204 211 214 208 202 193 192 187 185 183 182 182 183 182 181 180 178 176 177 175 172 172 172 169 170 168 167 168 169 166 165 166 166 165 164 164 163 164 163 163 163 162 162 160 160 160 159 159 158 159 160 159 160 160 158 158 159 160 161 162 162 165 166 167 169 173 186 199 203 205 204 204 207 206 204 201 195 193 193 192 194 199 208 215 218 219 220 222 220 219 218 223 226
205 203 200 199 196 194 196 193 193 196 194 192 182 179 183 182 180 178 177 176 175 174 171 171 170 171 171 168 169 169 169 168 167 167 166 164 164 164 164 164 163 163 163 163 162 161 159 161 161 160 158 160 160 159 158 159 158 158 159 161 162 162 164 166 167 168 172 178 189 200 203 203 203 206 208 208 206 202 198 196 194 191 194 199 205 210 214 217 217 218 219 217 218 226 237
208 206 202 197 198 197 198 199 200 197 198 197 182 179 180 179 178 179 176 175 174 173 170 169 170 170 170 170 169 169 170 168 168 166 166 165 166 166 165 164 164 164 163 163 161 162 159 160 159 160 159 160 158 158 159 160 159 162 161 163 164 165 167 170 175 174 181 184 188 194 198 200 203 207 208 208 208 206 202 199 196 192 195 202 206 209 211 212 213 213 213 213 217 225 239
214 211 202 199 204 199 193 190 191 197 198 197 187 178 178 178 178 179 177 174 173 170 171 169 170 170 170 171 169 168 169 169 167 166 165 167 167 165 165 165 166 164 163 162 161 161 159 159 159 158 159 160 159 160 160 161 161 163 165 166 167 168 171 178 187 190 189 189 195 199 199 199 205 208 211 211 209 209 205 201 197 194 196 200 207 208 209 209 210 210 210 212 215 220 229
209 210 204 212 216 200 193 190 191 189 185 184 181 176 177 176 175 176 175 172 171 170 171 168 170 171 171 170 168 166 167 169 169 169 170 167 167 167 167 166 164 162 164 163 160 160 161 160 160 160 160 159 160 161 161 161 163 165 165 166 168 171 174 185 197 198 192 194 205 209 208 208 209 212 214 215 210 206 204 198 196 193 202 203 204 204 205 208 210 211 212 212 213 216 217
199 207 212 212 216 200 190 185 184 181 180 177 176 175 176 175 175 173 173 172 170 169 169 168 169 171 173 174 169 168 167 169 169 169 169 169 168 168 167 167 167 165 162 161 161 159 160 159 160 161 160 160 160 161 162 163 165 167 168 168 171 173 181 197 199 199 197 200 210 211 211 215 218 218 217 215 209 204 202 195 194 194 203 208 206 204 206 206 208 209 209 210 213 214 217
195 207 212 212 209 195 186 184 180 178 180 178 177 176 177 175 174 173 174 173 172 171 170 170 171 172 174 174 170 168 169 169 168 170 171 169 168 169 167 167 167 165 162 160 162 161 161 159 161 160 159 161 162 163 165 165 167 168 173 181 182 181 195 205 205 206 205 208 210 214 215 221 224 222 220 213 206 203 200 195 194 197 206 210 208 206 206 208 208 210 210 211 212 214 215
195 203 204 202 203 196 187 184 182 182 184 183 179 177 176 177 175 174 174 172 172 171 171 172 172 172 173 172 170 169 170 172 171 171 171 171 171 169 169 168 165 165 163 162 161 160 162 161 159 160 162 164 164 167 166 168 171 172 184 206 209 205 206 210 209 213 215 217 218 223 225 225 226 222 218 213 205 199 197 194 195 197 208 209 207 208 210 212 211 212 211 213 214 217 217
191 191 189 189 192 191 186 186 187 202 198 189 183 178 176 176 174 173 174 174 172 172 172 173 173 173 173 173 172 171 173 174 173 172 173 174 174 171 169 167 165 164 162 162 161 159 161 161 159 161 163 167 168 168 171 172 172 178 198 217 216 215 214 212 213 215 218 221 224 227 230 226 222 220 216 210 203 199 193 193 197 204 209 210 209 210 212 213 211 212 214 216 216 219 224
187 188 187 186 185 185 186 189 215 226 208 196 188 181 180 178 176 176 177 175 172 173 173 172 172 171 173 174 174 174 177 179 175 173 174 174 173 172 172 170 167 163 162 161 161 162 163 163 163 165 166 170 173 174 175 175 177 185 206 217 218 217 217 217 220 216 220 227 230 230 229 226 221 216 212 207 204 199 194 194 201 207 210 212 212 212 213 214 215 218 218 220 226 229 232
188 188 188 186 186 185 190 221 240 238 210 194 192 185 181 179 178 177 175 175 175 175 175 174 173 173 173 175 175 176 178 179 176 175 174 174 172 172 170 169 166 164 163 162 163 162 164 164 167 170 173 174 179 182 186 189 195 204 213 216 218 220 220 219 219 218 224 227 230 230 228 225 217 211 206 202 200 197 194 196 203 207 210 214 214 213 215 219 221 227 230 235 239 241 243
189 191 190 189 188 189 221 242 249 242 222 208 194 185 183 180 178 178 176 176 178 176 175 176 174 175 174 176 177 178 178 178 175 175 173 174 172 173 171 168 166 164 163 164 165 165 167 168 171 178 184 187 197 204 214 217 219 219 222 222 223 223 221 221 220 223 225 225 224 225 223 222 216 208 200 196 194 194 196 201 209 209 211 214 215 218 221 224 231 238 246 252 255 257 262
192 192 191 192 192 200 228 253 258 251 241 225 201 191 186 182 181 179 180 181 180 178 177 175 176 176 176 175 178 179 177 177 176 175 175 173 172 172 171 168 166 164 164 163 163 165 168 171 175 186 196 209 225 225 223 221 221 223 224 224 225 224 223 224 224 225 225 224 222 221 220 219 217 211 198 193 195 197 198 207 209 209 211 215 217 226 231 234 241 249 260 267 271 275 277
192 192 194 197 201 205 223 242 249 247 241 230 214 199 188 185 181 181 185 183 181 180 179 178 177 176 175 176 176 176 177 175 175 174 175 174 172 172 172 169 167 165 164 163 162 166 170 177 186 201 214 232 235 230 227 226 225 226 227 226 226 225 224 225 226 226 224 222 222 219 220 216 213 207 195 197 202 203 206 209 211 212 212 215 221 229 236 250 256 261 273 279 271 275 277
193 192 195 202 209 220 228 235 242 248 252 248 221 197 190 186 183 187 188 185 184 182 179 179 178 177 176 175 176 175 174 173 175 174 174 174 174 172 170 167 165 166 164 167 165 168 175 181 196 215 237 242 238 234 232 230 229 229 230 228 228 226 225 227 229 227 222 222 221 220 218 215 211 203 196 200 204 205 209 212 212 212 215 217 220 229 239 250 260 261 273 279 284 286 286
196 198 198 200 208 222 230 238 243 246 253 253 232 206 191 187 185 190 190 187 185 182 180 179 177 176 177 176 175 174 172 172 173 174 172 173 173 171 170 169 167 165 164 166 165 169 176 190 210 232 244 244 241 237 233 232 231 233 232 229 228 227 227 229 228 226 225 223 220 221 217 216 213 208 198 201 203 206 210 211 211 213 217 219 225 232 240 250 260 270 279 283 289 292 293
206 209 202 210 211 213 219 231 236 240 248 250 237 213 195 187 188 193 193 189 183 181 181 179 177 178 177 175 174 173 173 173 173 173 172 172 171 170 170 168 166 165 164 166 168 172 181 194 217 244 246 243 240 238 236 235 234 234 230 230 229 228 229 229 226 224 224 223 220 218 218 218 216 212 199 198 200 204 207 208 211 214 220 224 225 232 240 247 259 271 278 284 288 293 296
224 219 211 218 221 220 220 221 228 239 249 249 243 225 204 193 201 203 202 193 187 183 180 178 177 176 175 175 174 174 173 173 171 170 170 171 170 168 168 168 166 165 166 165 167 173 184 202 230 247 246 243 240 239 238 238 235 235 232 231 230 228 228 227 226 224 223 221 219 219 217 216 213 209 199 197 203 206 206 207 211 214 220 224 229 234 242 247 259 270 277 282 284 288 290
233 226 226 227 225 226 226 222 228 240 249 251 237 228 212 195 203 215 217 207 191 183 180 178 177 176 175 174 173 174 172 171 170 169 169 169 168 167 167 168 165 166 165 165 167 175 187 212 243 249 246 243 240 241 240 239 237 236 235 232 232 231 230 228 226 223 221 218 218 218 218 216 213 209 199 198 203 206 204 207 211 214 219 223 228 235 238 245 253 267 271 275 279 281 283
246 237 245 243 232 230 230 228 231 241 247 245 231 219 210 199 204 212 212 205 192 182 182 185 180 176 176 174 173 172 171 170 170 170 169 167 166 168 167 167 166 165 165 166 168 177 190 218 243 248 248 245 243 242 241 241 239 238 235 235 232 230 229 228 227 224 223 219 218 216 214 214 211 204 198 196 203 206 204 206 210 214 219 223 226 231 235 238 245 259 263 268 273 272 273
250 255 262 258 242 236 232 232 236 244 241 235 223 214 206 200 200 204 203 195 186 184 191 195 189 177 174 174 171 173 172 171 171 172 169 168 166 165 166 166 166 165 166 168 170 175 187 205 224 234 241 246 245 244 243 241 240 240 239 238 235 234 232 227 226 222 219 215 211 211 209 211 209 202 198 196 202 205 203 205 209 213 216 222 224 229 233 234 236 245 258 262 264 263 265
240 263 271 263 248 239 235 237 241 241 232 216 210 207 202 195 195 196 194 188 188 195 200 196 185 176 173 174 175 176 175 173 171 170 168 167 167 167 167 166 165 165 165 166 169 174 181 192 204 211 220 229 238 241 244 240 239 241 241 239 237 237 236 232 231 228 222 216 210 206 204 211 209 202 195 197 201 200 200 204 208 212 215 220 222 226 230 231 233 235 245 249 255 260 264
231 245 251 252 249 243 242 247 251 240 221 209 203 200 196 194 192 190 188 186 191 204 208 193 180 177 178 180 184 181 178 174 172 171 169 168 168 168 167 166 166 166 167 168 168 171 176 182 190 191 199 211 218 229 236 235 236 240 239 238 237 238 238 236 234 232 227 219 210 206 204 201 201 197 197 196 199 198 199 201 204 210 213 218 220 220 224 227 230 232 235 240 254 262 267
219 227 233 236 245 246 248 254 260 247 225 214 209 205 198 197 192 188 189 189 192 199 203 191 182 183 185 191 190 184 177 174 172 171 171 170 170 167 166 168 168 168 167 169 168 169 172 175 179 180 184 194 200 207 217 224 227 231 233 235 235 235 234 231 231 233 227 219 213 207 202 200 198 199 198 197 199 199 198 200 200 205 210 213 215 217 219 226 230 232 235 244 257 264 269
219 224 231 235 239 238 240 248 254 247 239 233 221 205 198 195 189 188 189 193 195 197 196 194 197 197 198 198 191 183 177 174 172 170 170 171 170 169 167 168 168 168 168 170 170 171 171 173 176 177 182 188 193 197 206 211 216 222 224 226 227 224 221 231 231 233 231 225 217 206 202 202 204 208 208 209 207 204 200 197 200 202 205 208 207 210 215 220 229 231 233 239 255 262 269
223 232 241 246 238 231 231 235 239 240 245 246 233 206 197 191 189 190 192 196 196 197 197 200 207 206 199 191 186 183 177 174 173 171 170 168 167 169 170 170 170 169 171 172 173 173 173 176 180 182 184 188 193 198 207 212 220 225 228 226 227 224 221 220 222 232 232 221 213 206 207 211 212 214 213 214 211 207 204 199 199 199 199 199 199 204 210 212 215 217 219 227 238 250 262
