OtherClasses/HikingElevation/Clipped-Grayson.asc
ncols        262
nrows        184
xllcorner    453945.000000000000
yllcorner    4050705.000000000000
cellsize     30.000000000000
NODATA_value -32767
[rows 0 to 38 of 184, columns 88 to 175 of 262]
1389 1387 1384 1381 1381 1381 1383 1383 1383 1382 1381 1380 1379 1379 1378 1378 1376 1373 1371 1368 1364 1361 1359 1356 1353 1350 1347 1341 1336 1332 1328 1326 1323 1320 1320 1319 1318 1317 1317 1315 1314 1310 1307 1303 1298 1293 1290 1289 1288 1286 1281 1277 1273 1271 1269 1267 1265 1263 1263 1264 1265 1267 1269 1271 1273 1275 1277 1279 1283 1286 1290 1298 1301 1306 1310 1316 1321 1326 1331 1336 1341 1345 1350 1356 1361 1365 1367 1369
1381 1379 1376 1374 1373 1374 1377 1377 1377 1376 1376 1375 1375 1375 1374 1374 1373 1372 1370 1368 1364 1362 1360 1357 1355 1352 1348 1342 1336 1331 1327 1325 1322 1319 1319 1318 1317 1316 1316 1315 1314 1310 1307 1304 1301 1296 1294 1293 1292 1290 1285 1280 1276 1273 1270 1267 1264 1262 1262 1263 1264 1266 1268 1270 1272 1274 1276 1278 1281 1284 1288 1296 1299 1302 1306 1312 1317 1321 1326 1332 1338 1343 1348 1354 1359 1362 1365 1366
1374 1372 1369 1367 1366 1367 1370 1371 1371 1370 1371 1371 1372 1373 1373 1373 1373 1373 1371 1370 1366 1365 1363 1360 1358 1354 1349 1343 1336 1331 1327 1324 1321 1317 1316 1315 1314 1313 1313 1313 1311 1308 1305 1303 1300 1297 1295 1295 1294 1292 1288 1283 1278 1274 1270 1267 1263 1260 1261 1262 1264 1266 1267 1269 1271 1273 1275 1277 1279 1282 1286 1293 1296 1299 1303 1309 1314 1317 1322 1329 1335 1341 1347 1353 1357 1360 1363 1364
1368 1365 1363 1361 1360 1361 1364 1365 1365 1365 1366 1368 1369 1371 1372 1373 1374 1374 1373 1372 1369 1368 1366 1363 1361 1357 1351 1344 1337 1332 1327 1324 1320 1315 1314 1313 1312 1311 1311 1311 1309 1306 1304 1302 1300 1298 1297 1297 1296 1295 1291 1286 1281 1276 1271 1267 1262 1259 1260 1262 1264 1266 1267 1268 1270 1272 1274 1276 1278 1280 1284 1291 1294 1296 1300 1306 1311 1314 1319 1326 1333 1340 1346 1352 1356 1359 1361 1362
1361 1359 1356 1354 1354 1355 1358 1359 1359 1360 1361 1364 1366 1369 1371 1373 1375 1375 1375 1374 1372 1372 1370 1367 1364 1359 1353 1345 1338 1333 1327 1323 1318 1312 1311 1310 1309 1308 1308 1307 1305 1303 1301 1299 1298 1297 1297 1297 1297 1296 1293 1288 1283 1278 1272 1266 1260 1258 1260 1262 1264 1266 1267 1268 1269 1271 1273 1274 1276 1279 1282 1289 1292 1295 1300 1305 1309 1311 1316 1324 1332 1339 1345 1352 1355 1359 1361 1361
1355 1353 1350 1348 1348 1349 1352 1353 1354 1355 1357 1360 1364 1368 1371 1374 1376 1377 1377 1377 1376 1376 1375 1371 1368 1362 1355 1347 1340 1334 1328 1322 1317 1310 1309 1307 1306 1306 1305 1304 1302 1300 1298 1297 1296 1296 1298 1298 1298 1297 1296 1291 1286 1280 1273 1266 1259 1257 1260 1263 1265 1266 1267 1268 1269 1271 1272 1273 1275 1278 1281 1287 1290 1295 1300 1304 1307 1309 1314 1323 1332 1339 1345 1353 1355 1360 1361 1361
1349 1347 1344 1342 1342 1343 1345 1347 1348 1350 1352 1356 1360 1365 1369 1372 1376 1378 1378 1379 1379 1380 1379 1376 1373 1367 1359 1350 1343 1337 1329 1322 1316 1308 1306 1303 1302 1302 1301 1300 1299 1297 1295 1293 1293 1294 1296 1297 1297 1297 1296 1292 1287 1280 1272 1265 1257 1255 1258 1262 1264 1265 1266 1267 1268 1270 1270 1271 1273 1276 1279 1285 1288 1294 1299 1303 1305 1307 1312 1321 1330 1338 1344 1352 1354 1359 1359 1360
1344 1341 1338 1336 1336 1337 1338 1341 1343 1345 1348 1352 1357 1362 1367 1371 1376 1379 1380 1381 1382 1384 1384 1381 1378 1372 1363 1354 1346 1340 1331 1323 1315 1306 1303 1300 1299 1298 1298 1297 1296 1294 1292 1290 1290 1293 1295 1296 1296 1297 1296 1293 1288 1281 1272 1264 1256 1254 1257 1261 1264 1264 1265 1266 1268 1269 1269 1270 1272 1275 1278 1283 1287 1293 1298 1302 1304 1305 1310 1319 1329 1337 1344 1352 1353 1358 1358 1359
1339 1335 1332 1330 1330 1331 1331 1334 1337 1340 1343 1348 1353 1358 1363 1368 1374 1379 1381 1383 1384 1389 1389 1387 1384 1378 1369 1359 1351 1345 1334 1324 1313 1303 1300 1296 1294 1294 1295 1294 1293 1291 1289 1286 1286 1289 1291 1292 1293 1294 1293 1290 1286 1280 1270 1262 1254 1252 1254 1258 1261 1261 1263 1264 1265 1266 1266 1268 1270 1273 1276 1281 1285 1290 1296 1300 1303 1304 1309 1317 1326 1333 1340 1347 1349 1353 1354 1355
1334 1330 1326 1325 1325 1325 1325 1328 1332 1335 1339 1344 1349 1354 1359 1365 1372 1379 1382 1385 1387 1394 1394 1393 1390 1384 1375 1365 1357 1351 1337 1325 1312 1301 1297 1292 1289 1290 1292 1292 1290 1289 1287 1283 1283 1285 1287 1289 1290 1291 1290 1288 1285 1279 1269 1261 1253 1250 1252 1256 1258 1259 1261 1262 1263 1263 1264 1266 1269 1272 1275 1279 1283 1288 1294 1298 1302 1304 1308 1315 1323 1330 1336 1343 1345 1349 1350 1352
1328 1323 1320 1318 1318 1318 1319 1322 1327 1330 1334 1339 1345 1350 1355 1361 1368 1375 1379 1383 1386 1395 1395 1395 1393 1387 1378 1368 1359 1352 1338 1324 1310 1299 1294 1288 1284 1286 1288 1288 1287 1286 1283 1278 1279 1281 1283 1285 1286 1287 1287 1285 1282 1277 1267 1259 1251 1248 1249 1253 1255 1257 1258 1260 1260 1261 1262 1264 1268 1271 1273 1278 1282 1286 1292 1296 1301 1304 1307 1313 1320 1326 1332 1338 1341 1344 1346 1349
1322 1317 1314 1312 1312 1312 1313 1317 1322 1326 1330 1335 1341 1347 1352 1358 1365 1372 1377 1382 1386 1396 1397 1398 1396 1391 1382 1371 1362 1354 1339 1324 1309 1297 1291 1284 1280 1282 1284 1285 1284 1283 1280 1274 1276 1278 1279 1281 1283 1283 1284 1282 1280 1275 1265 1257 1250 1246 1247 1250 1253 1255 1256 1258 1258 1259 1260 1263 1267 1270 1272 1277 1281 1285 1290 1295 1301 1304 1306 1311 1317 1323 1329 1334 1337 1340 1342 1346
1314 1310 1307 1305 1305 1305 1307 1312 1317 1321 1325 1330 1336 1343 1348 1354 1359 1364 1370 1376 1381 1391 1393 1394 1393 1389 1380 1369 1359 1349 1335 1321 1306 1295 1288 1280 1276 1277 1279 1281 1279 1278 1274 1269 1271 1273 1274 1276 1278 1278 1278 1277 1276 1271 1262 1255 1248 1244 1245 1248 1250 1252 1253 1255 1256 1257 1260 1264 1268 1272 1274 1280 1284 1287 1291 1294 1300 1304 1307 1311 1317 1322 1328 1332 1334 1337 1339 1341
1307 1303 1300 1298 1298 1299 1301 1308 1313 1317 1321 1326 1332 1339 1345 1350 1353 1357 1364 1370 1377 1386 1390 1391 1391 1388 1379 1368 1356 1344 1331 1319 1304 1293 1285 1277 1272 1272 1275 1277 1275 1273 1269 1265 1266 1268 1270 1271 1273 1273 1273 1272 1272 1268 1260 1253 1247 1243 1244 1246 1248 1249 1251 1252 1254 1256 1260 1265 1270 1274 1277 1283 1287 1289 1292 1294 1300 1305 1308 1312 1317 1322 1327 1330 1332 1335 1336 1337
1300 1296 1292 1290 1290 1292 1295 1302 1307 1311 1315 1320 1326 1333 1339 1343 1345 1348 1355 1362 1370 1378 1383 1385 1386 1384 1376 1365 1352 1339 1327 1316 1302 1290 1282 1273 1268 1267 1270 1272 1270 1267 1263 1259 1260 1263 1264 1265 1268 1268 1268 1267 1268 1264 1258 1252 1246 1242 1242 1244 1245 1246 1248 1249 1251 1254 1260 1266 1271 1276 1279 1286 1290 1291 1292 1294 1300 1305 1309 1313 1317 1321 1326 1328 1329 1332 1333 1332
1294 1290 1285 1282 1282 1285 1290 1297 1302 1305 1309 1314 1320 1327 1333 1337 1337 1339 1347 1354 1363 1371 1377 1380 1381 1381 1374 1363 1349 1334 1324 1314 1300 1288 1279 1270 1264 1262 1265 1267 1266 1262 1258 1254 1255 1258 1259 1260 1263 1263 1263 1263 1264 1261 1256 1251 1245 1241 1241 1243 1243 1244 1245 1247 1249 1253 1260 1267 1273 1279 1282 1289 1293 1293 1293 1294 1300 1305 1310 1314 1317 1321 1325 1326 1327 1329 1330 1328
1288 1282 1277 1273 1273 1277 1284 1290 1294 1296 1299 1304 1309 1315 1320 1323 1323 1325 1333 1341 1350 1357 1363 1366 1369 1371 1366 1358 1346 1331 1320 1312 1298 1285 1275 1265 1259 1255 1256 1258 1257 1254 1251 1247 1247 1250 1252 1253 1255 1257 1259 1260 1261 1259 1256 1253 1249 1246 1245 1245 1242 1241 1241 1243 1246 1250 1257 1263 1269 1274 1278 1284 1287 1288 1289 1291 1297 1302 1306 1310 1313 1317 1321 1322 1324 1325 1326 1324
1283 1275 1269 1264 1265 1270 1278 1283 1286 1287 1289 1294 1298 1303 1308 1310 1310 1312 1319 1328 1337 1343 1349 1353 1358 1361 1359 1354 1343 1328 1317 1311 1297 1283 1272 1261 1254 1248 1247 1249 1249 1246 1244 1241 1240 1243 1245 1246 1248 1252 1255 1257 1258 1258 1257 1256 1253 1251 1250 1247 1242 1238 1238 1240 1243 1248 1254 1260 1265 1270 1274 1279 1282 1284 1286 1289 1294 1299 1303 1307 1310 1313 1317 1319 1321 1321 1322 1321
1277 1268 1261 1256 1257 1263 1272 1276 1278 1278 1280 1284 1287 1291 1295 1297 1297 1299 1305 1315 1323 1329 1335 1340 1346 1351 1351 1349 1340 1325 1314 1309 1296 1280 1268 1257 1248 1240 1238 1240 1240 1238 1237 1234 1232 1235 1237 1238 1240 1247 1251 1253 1255 1256 1257 1258 1257 1256 1254 1248 1242 1235 1234 1236 1240 1245 1251 1257 1261 1266 1270 1274 1276 1279 1282 1286 1291 1295 1299 1303 1305 1309 1312 1315 1317 1317 1317 1317
1271 1261 1253 1248 1249 1257 1266 1270 1270 1270 1271 1275 1277 1280 1283 1284 1285 1286 1291 1303 1310 1316 1321 1327 1335 1342 1344 1344 1337 1322 1311 1308 1295 1278 1265 1253 1243 1233 1229 1231 1232 1231 1230 1228 1225 1228 1230 1231 1232 1242 1247 1250 1252 1254 1257 1261 1261 1261 1259 1250 1242 1233 1231 1233 1237 1242 1249 1254 1257 1262 1266 1269 1271 1274 1278 1283 1288 1292 1296 1299 1301 1305 1308 1311 1314 1313 1313 1313
1262 1252 1246 1242 1245 1252 1260 1265 1266 1266 1267 1270 1271 1272 1274 1275 1276 1278 1283 1294 1301 1307 1313 1318 1326 1332 1334 1334 1328 1316 1305 1301 1289 1273 1260 1248 1238 1229 1224 1225 1226 1225 1226 1225 1223 1226 1229 1231 1233 1242 1247 1250 1253 1256 1259 1262 1263 1263 1261 1253 1244 1232 1228 1229 1233 1239 1246 1253 1258 1263 1267 1270 1272 1275 1278 1283 1288 1292 1296 1298 1300 1304 1307 1309 1311 1310 1310 1310
1254 1244 1239 1237 1241 1247 1255 1260 1262 1263 1264 1266 1265 1265 1265 1266 1267 1270 1276 1286 1292 1298 1305 1310 1318 1322 1324 1324 1320 1310 1300 1295 1283 1268 1255 1243 1233 1225 1220 1220 1220 1220 1222 1222 1221 1224 1228 1232 1235 1243 1248 1251 1255 1258 1261 1264 1265 1265 1264 1257 1246 1231 1226 1226 1230 1237 1244 1252 1259 1265 1269 1271 1274 1276 1279 1284 1288 1292 1296 1298 1300 1303 1306 1308 1309 1308 1307 1307
1245 1236 1232 1232 1236 1242 1249 1255 1257 1259 1260 1261 1259 1257 1256 1257 1258 1262 1269 1277 1282 1289 1297 1301 1309 1312 1314 1314 1311 1304 1295 1288 1277 1263 1250 1238 1228 1221 1215 1214 1214 1215 1218 1219 1220 1223 1228 1233 1237 1244 1249 1252 1257 1260 1262 1265 1267 1266 1266 1261 1249 1230 1224 1223 1227 1234 1242 1251 1260 1267 1271 1274 1277 1278 1281 1285 1289 1293 1297 1299 1301 1304 1306 1307 1307 1306 1304 1304
1236 1228 1225 1227 1232 1238 1243 1250 1253 1256 1257 1257 1254 1249 1248 1248 1250 1254 1262 1268 1273 1281 1290 1293 1300 1303 1304 1304 1303 1298 1290 1281 1271 1258 1245 1234 1223 1217 1211 1209 1209 1211 1214 1216 1219 1222 1228 1234 1240 1246 1251 1254 1259 1262 1264 1266 1269 1268 1268 1265 1252 1230 1222 1220 1224 1232 1241 1251 1262 1270 1274 1277 1280 1281 1283 1286 1291 1295 1298 1300 1302 1305 1306 1306 1306 1304 1302 1301
1227 1221 1218 1219 1222 1227 1232 1238 1242 1244 1245 1245 1242 1239 1237 1236 1237 1241 1248 1254 1260 1267 1277 1281 1289 1292 1294 1295 1294 1289 1279 1270 1262 1251 1238 1227 1217 1211 1206 1204 1204 1206 1210 1214 1217 1220 1226 1232 1239 1244 1249 1252 1256 1259 1260 1261 1264 1263 1263 1258 1244 1223 1216 1216 1221 1229 1237 1248 1259 1267 1272 1276 1278 1280 1282 1285 1289 1293 1296 1297 1299 1302 1303 1303 1303 1301 1299 1298
1219 1214 1212 1212 1213 1217 1222 1227 1231 1233 1234 1233 1231 1229 1227 1225 1225 1228 1235 1241 1248 1254 1264 1270 1278 1282 1285 1287 1286 1280 1269 1260 1254 1245 1232 1221 1212 1205 1201 1199 1199 1202 1207 1212 1215 1218 1224 1231 1238 1243 1247 1250 1254 1257 1257 1256 1259 1259 1258 1251 1236 1216 1211 1213 1218 1226 1234 1245 1256 1265 1270 1275 1277 1279 1281 1284 1288 1291 1294 1295 1297 1299 1300 1301 1300 1298 1296 1295
1211 1207 1205 1204 1204 1207 1211 1216 1220 1221 1221 1221 1219 1218 1216 1213 1212 1215 1220 1227 1234 1240 1250 1258 1266 1271 1275 1278 1278 1270 1258 1249 1244 1237 1226 1214 1205 1199 1195 1194 1194 1198 1204 1209 1212 1215 1222 1228 1235 1240 1244 1247 1250 1252 1251 1249 1251 1252 1250 1239 1223 1206 1204 1208 1215 1223 1230 1240 1250 1259 1265 1271 1272 1275 1278 1281 1285 1287 1289 1291 1292 1294 1295 1296 1296 1294 1293 1291
1203 1201 1199 1196 1195 1197 1201 1205 1209 1209 1209 1209 1208 1207 1205 1202 1200 1202 1206 1213 1221 1226 1236 1246 1255 1261 1266 1270 1270 1261 1248 1238 1235 1230 1220 1208 1199 1193 1190 1189 1190 1194 1201 1207 1210 1213 1220 1226 1233 1237 1241 1244 1246 1247 1245 1242 1243 1246 1243 1228 1210 1196 1198 1204 1213 1220 1227 1235 1245 1254 1261 1267 1268 1272 1276 1279 1282 1284 1285 1287 1288 1289 1291 1292 1292 1290 1290 1288
1202 1200 1198 1196 1194 1195 1198 1201 1204 1203 1203 1202 1201 1199 1197 1193 1191 1192 1195 1201 1209 1214 1224 1234 1243 1250 1255 1260 1261 1253 1241 1231 1228 1222 1212 1201 1193 1187 1185 1186 1188 1193 1201 1207 1210 1213 1220 1226 1232 1236 1239 1242 1242 1241 1236 1232 1232 1235 1232 1217 1200 1190 1195 1202 1212 1219 1225 1232 1242 1251 1257 1263 1264 1269 1273 1276 1278 1280 1281 1283 1284 1285 1287 1288 1288 1287 1286 1284
1201 1200 1198 1196 1194 1194 1195 1197 1199 1198 1197 1195 1194 1192 1189 1185 1182 1182 1184 1190 1197 1203 1213 1223 1232 1240 1245 1251 1252 1246 1235 1225 1221 1214 1204 1194 1187 1182 1181 1184 1187 1193 1201 1208 1211 1213 1220 1226 1232 1236 1238 1241 1239 1235 1228 1223 1222 1225 1221 1207 1191 1185 1192 1201 1211 1218 1223 1230 1239 1248 1254 1260 1261 1266 1271 1273 1275 1277 1278 1279 1280 1281 1283 1284 1285 1284 1283 1281
1202 1200 1199 1197 1196 1195 1194 1195 1195 1194 1192 1189 1188 1185 1181 1177 1174 1173 1174 1179 1186 1192 1202 1211 1221 1229 1233 1240 1243 1240 1231 1221 1214 1205 1195 1187 1180 1177 1177 1182 1188 1195 1203 1209 1213 1215 1222 1228 1233 1237 1238 1240 1235 1227 1218 1211 1209 1211 1208 1197 1185 1184 1192 1201 1211 1218 1223 1230 1238 1246 1252 1257 1258 1264 1268 1269 1271 1273 1275 1276 1277 1279 1281 1282 1282 1281 1279 1276
1203 1201 1200 1199 1198 1196 1193 1193 1192 1190 1188 1184 1182 1179 1174 1170 1166 1164 1164 1168 1175 1182 1192 1200 1210 1218 1222 1230 1235 1234 1227 1217 1208 1197 1187 1181 1174 1172 1174 1180 1189 1197 1205 1211 1215 1217 1224 1230 1235 1238 1239 1240 1232 1220 1209 1200 1197 1197 1195 1187 1180 1183 1193 1202 1212 1219 1224 1230 1238 1245 1250 1254 1256 1262 1266 1266 1267 1269 1272 1273 1275 1277 1279 1280 1280 1278 1276 1272
1209 1207 1205 1204 1203 1201 1198 1198 1196 1194 1192 1189 1187 1183 1178 1173 1168 1165 1163 1164 1169 1174 1182 1188 1198 1206 1210 1218 1224 1224 1219 1210 1201 1190 1180 1175 1168 1167 1171 1178 1187 1196 1204 1210 1214 1216 1223 1228 1233 1235 1235 1235 1226 1213 1200 1190 1186 1186 1185 1179 1176 1182 1193 1201 1212 1219 1224 1230 1238 1245 1249 1252 1255 1261 1264 1263 1264 1266 1269 1270 1272 1275 1276 1277 1276 1274 1271 1267
1215 1213 1211 1210 1209 1206 1204 1203 1201 1199 1197 1194 1192 1188 1183 1176 1171 1167 1162 1161 1163 1167 1172 1177 1186 1194 1199 1207 1213 1215 1211 1203 1194 1183 1174 1169 1163 1163 1168 1177 1186 1195 1203 1209 1213 1216 1222 1227 1231 1233 1232 1230 1221 1206 1191 1180 1175 1175 1175 1172 1172 1182 1193 1201 1212 1220 1225 1231 1239 1245 1248 1251 1254 1260 1262 1261 1261 1264 1266 1268 1270 1273 1273 1274 1273 1270 1267 1263
1222 1221 1219 1217 1216 1213 1212 1211 1210 1209 1207 1205 1203 1200 1194 1186 1180 1174 1167 1162 1161 1162 1162 1165 1173 1181 1187 1194 1199 1202 1200 1194 1187 1178 1170 1164 1159 1159 1165 1174 1182 1191 1198 1204 1209 1212 1218 1222 1224 1226 1224 1220 1213 1199 1184 1172 1167 1168 1170 1169 1171 1181 1193 1199 1210 1219 1225 1232 1240 1246 1250 1252 1255 1260 1262 1262 1262 1264 1264 1266 1267 1269 1269 1269 1266 1262 1259 1257
1230 1229 1227 1225 1223 1221 1220 1219 1219 1219 1218 1216 1215 1212 1206 1197 1189 1182 1172 1164 1159 1157 1153 1154 1160 1168 1175 1182 1186 1189 1189 1185 1180 1173 1166 1159 1155 1156 1163 1172 1179 1187 1194 1200 1205 1209 1214 1217 1218 1219 1216 1210 1205 1192 1178 1165 1159 1162 1165 1166 1171 1180 1193 1198 1208 1219 1226 1234 1241 1248 1252 1254 1256 1261 1263 1263 1263 1264 1263 1264 1265 1266 1266 1264 1260 1255 1251 1252
1239 1238 1236 1234 1231 1230 1229 1228 1228 1228 1227 1225 1223 1220 1214 1203 1195 1188 1177 1167 1159 1154 1147 1146 1150 1157 1164 1170 1174 1178 1179 1177 1173 1167 1161 1155 1152 1154 1161 1170 1176 1183 1190 1196 1201 1205 1208 1210 1210 1211 1207 1199 1195 1184 1171 1158 1153 1157 1161 1164 1170 1180 1194 1198 1208 1219 1228 1235 1243 1249 1254 1256 1258 1261 1263 1263 1263 1263 1261 1261 1262 1262 1262 1258 1253 1247 1243 1246
1248 1247 1245 1243 1240 1239 1238 1238 1238 1238 1237 1235 1232 1229 1222 1210 1202 1194 1182 1171 1160 1151 1142 1138 1141 1146 1153 1159 1163 1167 1169 1169 1166 1162 1157 1151 1149 1152 1160 1169 1174 1180 1187 1193 1197 1201 1203 1204 1203 1203 1198 1189 1186 1177 1164 1152 1147 1152 1158 1163 1170 1180 1195 1199 1208 1220 1230 1237 1245 1251 1256 1258 1260 1262 1264 1264 1264 1263 1260 1259 1259 1259 1258 1253 1246 1239 1236 1241
1258 1257 1255 1253 1250 1249 1248 1248 1248 1247 1246 1243 1236 1233 1224 1213 1204 1196 1186 1176 1163 1152 1143 1137 1136 1139 1144 1150 1154 1159 1161 1162 1159 1155 1152 1148 1149 1153 1161 1169 1173 1179 1186 1191 1193 1195 1195 1195 1192 1189 1183 1175 1172 1165 1157 1150 1148 1153 1159 1165 1173 1184 1201 1207 1216 1227 1234 1241 1250 1256 1261 1264 1265 1264 1264 1263 1262 1260 1256 1255 1253 1252 1250 1245 1239 1235 1234 1239
