OtherClasses/HikingElevation/Clipped-Grayson.asc
ncols        262
nrows        184
xllcorner    453945.000000000000
yllcorner    4050705.000000000000
cellsize     30.000000000000
NODATA_value -32767
[rows 78 to 116 of 184, columns 88 to 175 of 262]
1271 1271 1271 1271 1271 1270 1268 1265 1260 1254 1249 1245 1242 1240 1240 1240 1242 1245 1250 1253 1255 1258 1260 1259 1256 1255 1255 1255 1252 1249 1247 1244 1240 1235 1225 1216 1208 1197 1186 1177 1173 1153 1146 1132 1120 1111 1105 1097 1088 1084 1080 1076 1065 1057 1052 1032 1027 1020 1017 1017 1016 1015 1016 1019 1023 1030 1035 1042 1051 1057 1070 1080 1097 1116 1128 1137 1144 1144 1141 1133 1115 1109 1088 1074 1062 1053 1048 1042
1278 1278 1278 1277 1277 1276 1273 1268 1260 1253 1247 1242 1238 1236 1236 1235 1237 1241 1247 1249 1251 1254 1256 1254 1252 1252 1254 1255 1253 1250 1248 1246 1243 1237 1227 1219 1211 1198 1187 1180 1176 1151 1145 1129 1118 1109 1104 1096 1088 1085 1083 1080 1072 1066 1062 1037 1031 1021 1015 1012 1006 1002 1003 1006 1011 1018 1024 1032 1041 1047 1060 1071 1091 1110 1121 1131 1138 1139 1138 1131 1111 1107 1086 1073 1060 1049 1043 1035
1281 1280 1279 1277 1276 1274 1269 1263 1255 1247 1241 1236 1232 1230 1230 1229 1230 1234 1239 1241 1242 1245 1247 1245 1244 1244 1246 1248 1246 1243 1241 1239 1236 1231 1222 1215 1207 1195 1184 1177 1172 1149 1143 1129 1119 1111 1106 1097 1089 1086 1084 1081 1076 1072 1068 1043 1036 1025 1017 1012 1004 998 997 998 1002 1009 1016 1024 1034 1041 1053 1065 1085 1103 1113 1123 1130 1132 1131 1125 1105 1100 1080 1068 1055 1043 1036 1027
1284 1283 1281 1278 1275 1272 1266 1258 1250 1242 1235 1231 1227 1225 1224 1223 1224 1228 1231 1233 1234 1237 1239 1237 1236 1237 1239 1241 1239 1237 1235 1233 1230 1225 1217 1211 1203 1192 1182 1174 1168 1147 1142 1129 1121 1113 1108 1099 1091 1088 1085 1083 1080 1078 1075 1050 1041 1030 1020 1013 1003 994 991 991 993 1000 1008 1016 1027 1035 1047 1060 1080 1096 1106 1115 1123 1125 1125 1119 1100 1093 1074 1063 1050 1038 1030 1019
1287 1285 1281 1277 1273 1268 1260 1251 1243 1235 1228 1225 1221 1219 1217 1216 1217 1220 1222 1223 1224 1226 1228 1227 1227 1228 1229 1230 1229 1227 1225 1222 1219 1214 1208 1202 1196 1186 1176 1168 1161 1144 1140 1131 1125 1117 1112 1102 1093 1089 1084 1082 1082 1082 1079 1058 1047 1038 1026 1019 1008 998 992 988 988 994 1002 1011 1023 1033 1044 1058 1076 1088 1096 1105 1113 1115 1115 1108 1091 1080 1064 1053 1040 1029 1021 1012
1290 1287 1281 1276 1271 1264 1255 1245 1236 1228 1222 1219 1216 1213 1210 1209 1210 1212 1213 1214 1215 1216 1217 1218 1218 1219 1220 1220 1220 1217 1215 1212 1208 1204 1199 1194 1189 1181 1171 1163 1154 1142 1139 1134 1130 1122 1117 1106 1096 1091 1084 1082 1084 1086 1084 1066 1054 1046 1033 1025 1014 1002 993 985 984 988 997 1006 1019 1032 1042 1056 1072 1081 1086 1095 1104 1106 1105 1097 1082 1067 1054 1043 1030 1020 1013 1005
1285 1282 1277 1272 1265 1258 1248 1239 1231 1223 1218 1215 1212 1209 1206 1205 1206 1207 1207 1207 1208 1208 1209 1209 1210 1211 1211 1211 1211 1208 1205 1202 1198 1194 1190 1186 1182 1175 1166 1158 1148 1139 1136 1133 1130 1123 1119 1109 1100 1095 1089 1087 1090 1092 1090 1074 1062 1054 1040 1031 1018 1005 994 984 981 982 991 999 1014 1029 1038 1052 1066 1073 1076 1083 1092 1094 1093 1085 1073 1056 1045 1034 1022 1013 1006 999
1281 1278 1273 1268 1259 1252 1242 1233 1226 1219 1215 1212 1209 1206 1203 1202 1202 1202 1201 1201 1201 1201 1201 1201 1202 1203 1202 1202 1202 1199 1196 1193 1189 1185 1182 1178 1175 1170 1162 1153 1143 1136 1133 1132 1131 1125 1122 1113 1105 1100 1094 1092 1096 1098 1096 1082 1071 1062 1048 1037 1023 1009 995 983 978 977 985 993 1010 1026 1035 1048 1060 1065 1066 1072 1081 1083 1082 1074 1065 1045 1037 1026 1014 1006 999 993
1274 1270 1267 1262 1251 1245 1235 1228 1222 1216 1213 1210 1207 1204 1201 1200 1200 1198 1196 1196 1195 1194 1194 1194 1195 1195 1194 1194 1194 1191 1188 1185 1181 1176 1173 1170 1168 1164 1158 1149 1139 1132 1129 1128 1127 1123 1122 1116 1112 1109 1105 1104 1107 1108 1104 1091 1082 1070 1057 1042 1026 1011 997 985 977 974 978 984 1004 1019 1029 1041 1051 1054 1054 1058 1064 1067 1067 1062 1056 1041 1032 1021 1010 1002 995 989
1267 1263 1261 1257 1244 1239 1229 1223 1218 1214 1211 1208 1205 1202 1200 1198 1198 1195 1192 1192 1190 1188 1188 1188 1188 1188 1187 1186 1186 1183 1180 1177 1173 1168 1165 1163 1161 1159 1154 1145 1136 1128 1125 1124 1123 1121 1122 1120 1119 1118 1116 1117 1118 1118 1112 1100 1093 1079 1067 1047 1029 1013 1000 988 977 971 971 975 998 1013 1024 1034 1042 1044 1042 1044 1048 1051 1052 1050 1047 1037 1028 1017 1007 999 992 986
1260 1255 1252 1249 1236 1232 1223 1218 1214 1211 1209 1207 1204 1201 1199 1197 1197 1194 1190 1190 1188 1186 1185 1185 1184 1184 1182 1181 1180 1177 1173 1170 1166 1161 1158 1157 1156 1155 1150 1142 1134 1126 1124 1123 1122 1121 1124 1124 1125 1125 1125 1126 1126 1124 1117 1106 1100 1084 1073 1050 1031 1014 1001 989 976 968 965 968 991 1005 1017 1026 1032 1033 1030 1030 1033 1036 1038 1038 1038 1032 1023 1013 1003 995 988 982
1253 1247 1244 1242 1228 1225 1217 1213 1210 1208 1208 1206 1204 1201 1198 1197 1196 1193 1189 1188 1186 1184 1182 1182 1181 1181 1178 1176 1175 1171 1167 1164 1160 1154 1152 1151 1151 1151 1147 1140 1133 1125 1123 1122 1122 1122 1126 1129 1131 1133 1135 1136 1135 1131 1123 1112 1108 1090 1079 1053 1033 1016 1003 991 976 966 959 961 985 998 1010 1018 1022 1022 1018 1016 1018 1021 1024 1027 1030 1028 1019 1009 1000 992 985 979
1246 1238 1234 1231 1220 1217 1211 1208 1206 1206 1206 1205 1204 1202 1199 1198 1197 1194 1192 1191 1189 1187 1185 1185 1184 1183 1179 1175 1173 1169 1164 1161 1156 1151 1149 1148 1148 1148 1146 1140 1136 1130 1129 1129 1129 1129 1132 1134 1136 1137 1138 1137 1133 1128 1120 1106 1101 1087 1072 1048 1030 1014 1001 989 977 968 961 960 977 985 994 1000 1004 1006 1005 1005 1008 1013 1018 1022 1025 1024 1017 1009 1001 993 984 976
1239 1229 1224 1221 1212 1209 1205 1204 1203 1204 1204 1205 1205 1203 1200 1199 1198 1196 1195 1194 1193 1190 1189 1188 1188 1186 1181 1175 1172 1167 1161 1158 1152 1148 1147 1146 1146 1146 1145 1141 1139 1136 1136 1137 1137 1137 1139 1140 1141 1142 1141 1138 1132 1126 1117 1101 1094 1084 1065 1043 1027 1012 999 988 979 971 963 960 969 972 978 982 987 991 993 995 999 1006 1013 1018 1020 1020 1016 1010 1003 994 983 973
1233 1222 1216 1214 1206 1202 1200 1199 1199 1201 1201 1203 1204 1202 1199 1198 1198 1197 1196 1196 1195 1192 1191 1190 1190 1188 1182 1174 1171 1166 1159 1156 1150 1147 1146 1145 1145 1145 1145 1143 1142 1142 1142 1144 1144 1144 1145 1145 1145 1145 1143 1138 1130 1123 1113 1095 1087 1080 1058 1038 1024 1010 997 986 980 973 964 959 960 959 961 964 970 975 980 984 990 999 1008 1014 1015 1016 1014 1011 1004 994 982 970
1227 1215 1209 1207 1200 1196 1195 1195 1196 1198 1199 1202 1203 1202 1199 1198 1198 1198 1198 1198 1197 1195 1194 1193 1192 1190 1183 1174 1170 1165 1157 1154 1149 1146 1145 1144 1144 1144 1145 1145 1146 1148 1149 1151 1151 1151 1151 1151 1150 1149 1146 1139 1129 1121 1110 1090 1081 1077 1051 1034 1022 1009 995 985 981 975 966 959 952 946 945 946 953 960 968 974 981 992 1003 1010 1010 1012 1012 1012 1006 995 981 967
1222 1213 1207 1205 1199 1194 1192 1192 1192 1193 1194 1197 1197 1196 1195 1195 1195 1196 1196 1197 1196 1195 1193 1192 1190 1187 1181 1174 1171 1168 1162 1160 1156 1152 1151 1151 1151 1151 1152 1152 1153 1153 1154 1155 1155 1155 1155 1155 1153 1149 1145 1137 1126 1117 1105 1087 1080 1076 1051 1036 1023 1011 998 989 984 978 970 963 956 951 948 947 951 955 960 965 971 981 992 999 1001 1004 1005 1005 1001 990 978 963
1218 1211 1206 1203 1198 1193 1190 1189 1189 1188 1190 1192 1192 1191 1191 1192 1193 1194 1195 1196 1196 1195 1193 1191 1189 1185 1179 1175 1173 1171 1168 1167 1163 1159 1158 1158 1158 1159 1160 1160 1160 1159 1159 1159 1159 1159 1159 1159 1156 1150 1144 1135 1123 1114 1101 1085 1080 1075 1052 1039 1025 1013 1002 993 987 981 974 968 961 957 951 948 949 950 953 956 962 971 981 989 993 997 998 999 996 986 976 960
1214 1209 1204 1201 1196 1191 1187 1186 1185 1184 1185 1187 1186 1186 1186 1188 1190 1191 1193 1194 1195 1194 1192 1189 1186 1182 1177 1175 1174 1174 1173 1173 1170 1165 1164 1164 1165 1166 1168 1167 1167 1165 1164 1163 1163 1163 1163 1162 1158 1150 1143 1132 1120 1110 1096 1082 1079 1074 1052 1042 1026 1015 1005 997 990 984 978 972 966 962 954 949 947 945 946 947 952 960 969 978 984 989 990 992 991 980 973 957
1210 1207 1203 1200 1195 1190 1185 1184 1182 1180 1181 1182 1181 1181 1182 1185 1188 1189 1192 1193 1194 1194 1191 1188 1184 1179 1175 1176 1176 1178 1179 1179 1177 1172 1171 1171 1172 1174 1176 1175 1174 1171 1169 1168 1168 1167 1167 1166 1161 1151 1142 1130 1118 1107 1092 1080 1079 1073 1053 1045 1028 1017 1009 1001 993 988 982 977 971 968 957 950 945 940 939 939 943 950 958 967 976 981 983 986 986 975 970 954
1209 1206 1203 1199 1193 1188 1183 1182 1181 1178 1177 1176 1175 1174 1174 1177 1180 1181 1184 1184 1185 1185 1182 1178 1173 1169 1167 1170 1172 1174 1176 1178 1177 1175 1176 1177 1179 1181 1182 1181 1180 1176 1174 1172 1171 1169 1166 1164 1158 1149 1140 1129 1118 1108 1094 1083 1080 1073 1056 1048 1031 1020 1013 1006 1000 996 992 988 984 982 972 965 958 948 944 943 944 947 951 958 966 970 972 974 974 965 961 947
1209 1206 1203 1198 1191 1186 1182 1181 1180 1176 1173 1171 1170 1167 1167 1170 1173 1174 1176 1176 1177 1177 1174 1168 1162 1159 1160 1165 1168 1170 1174 1177 1178 1178 1181 1184 1186 1188 1188 1188 1186 1182 1179 1177 1174 1171 1165 1162 1156 1147 1139 1129 1118 1109 1096 1086 1082 1073 1060 1051 1035 1024 1018 1012 1007 1005 1002 1000 997 996 987 980 972 956 950 947 945 944 945 949 956 959 961 963 963 955 952 941
1208 1205 1202 1197 1189 1184 1180 1179 1178 1174 1168 1166 1164 1160 1159 1162 1165 1166 1167 1168 1168 1168 1165 1157 1151 1149 1152 1160 1163 1166 1171 1175 1178 1181 1186 1190 1193 1194 1194 1194 1192 1187 1184 1181 1177 1172 1164 1159 1153 1145 1138 1129 1119 1110 1099 1089 1083 1074 1063 1054 1039 1027 1022 1018 1015 1014 1013 1013 1012 1011 1005 997 989 967 959 954 949 943 940 941 944 947 949 950 949 942 940 932
1216 1209 1203 1198 1193 1193 1188 1187 1182 1176 1174 1168 1161 1157 1159 1154 1158 1159 1159 1160 1160 1159 1157 1147 1140 1139 1145 1155 1159 1163 1169 1174 1178 1184 1191 1196 1200 1201 1201 1200 1198 1193 1189 1186 1180 1173 1163 1156 1150 1143 1137 1129 1120 1112 1102 1092 1085 1075 1067 1058 1043 1031 1026 1024 1023 1024 1025 1026 1027 1027 1023 1015 1006 978 968 962 953 943 935 933 933 935 937 938 935 930 928 924
1216 1210 1205 1199 1193 1189 1184 1181 1177 1170 1168 1163 1156 1154 1152 1151 1155 1153 1154 1158 1158 1154 1151 1145 1138 1135 1140 1146 1150 1154 1158 1162 1170 1178 1185 1192 1198 1203 1208 1208 1208 1207 1201 1195 1187 1180 1176 1168 1162 1157 1152 1148 1141 1133 1124 1113 1103 1094 1083 1071 1057 1046 1034 1032 1037 1041 1045 1047 1046 1046 1044 1033 1021 1007 992 979 968 959 950 947 941 934 927 925 924 922 921 919
1219 1213 1207 1200 1194 1188 1184 1181 1175 1168 1162 1160 1155 1151 1147 1144 1148 1146 1145 1149 1149 1146 1142 1135 1129 1128 1133 1139 1143 1148 1154 1158 1167 1173 1180 1187 1193 1200 1204 1206 1207 1204 1200 1195 1189 1182 1178 1173 1166 1164 1160 1157 1150 1143 1134 1124 1113 1102 1091 1080 1068 1057 1044 1047 1053 1057 1060 1062 1060 1059 1055 1045 1033 1021 1007 995 984 975 967 962 955 946 938 932 927 923 922 920
1223 1216 1209 1201 1194 1187 1185 1180 1174 1167 1161 1158 1156 1152 1146 1141 1142 1138 1136 1141 1140 1137 1134 1127 1121 1121 1126 1132 1137 1144 1153 1159 1167 1173 1179 1185 1192 1197 1198 1199 1202 1197 1196 1194 1188 1182 1180 1177 1171 1171 1168 1164 1158 1151 1143 1132 1122 1111 1099 1089 1079 1068 1057 1061 1068 1072 1074 1076 1073 1070 1065 1055 1045 1033 1021 1010 999 992 984 977 970 962 955 947 940 935 931 930
1228 1220 1213 1206 1198 1191 1186 1181 1174 1167 1161 1164 1161 1158 1152 1147 1139 1133 1130 1133 1131 1130 1127 1122 1117 1115 1120 1125 1132 1141 1149 1154 1162 1168 1174 1180 1185 1190 1189 1191 1194 1190 1190 1188 1183 1178 1177 1177 1177 1178 1173 1169 1164 1157 1149 1140 1130 1119 1107 1098 1088 1079 1070 1073 1079 1083 1085 1087 1083 1080 1074 1066 1056 1046 1034 1024 1013 1007 999 992 984 977 970 963 956 948 943 938
1233 1226 1219 1212 1204 1197 1191 1187 1179 1171 1164 1162 1158 1153 1148 1145 1138 1131 1127 1127 1122 1123 1120 1117 1112 1109 1114 1118 1125 1133 1142 1148 1155 1161 1167 1172 1176 1181 1180 1183 1186 1183 1181 1181 1177 1171 1170 1171 1173 1177 1175 1175 1170 1163 1155 1146 1136 1125 1115 1104 1095 1087 1080 1083 1088 1092 1093 1095 1092 1088 1082 1074 1065 1056 1047 1036 1026 1020 1012 1004 997 989 983 977 969 960 951 941
1239 1231 1225 1217 1210 1203 1196 1194 1185 1175 1164 1156 1153 1147 1142 1138 1131 1125 1121 1121 1117 1117 1115 1111 1106 1108 1108 1112 1118 1125 1132 1139 1146 1153 1157 1163 1166 1169 1169 1174 1176 1173 1172 1172 1169 1163 1162 1163 1166 1169 1171 1173 1171 1164 1155 1146 1138 1130 1121 1110 1101 1093 1087 1092 1095 1099 1099 1101 1096 1095 1088 1081 1073 1064 1056 1046 1036 1029 1022 1014 1006 999 993 986 978 967 956 945
1243 1236 1227 1219 1212 1205 1199 1194 1185 1174 1164 1157 1152 1147 1142 1136 1129 1125 1120 1118 1115 1112 1109 1107 1101 1103 1101 1105 1110 1116 1123 1128 1135 1142 1146 1151 1154 1155 1158 1163 1165 1161 1162 1162 1159 1154 1152 1154 1158 1161 1165 1166 1163 1156 1146 1138 1130 1124 1118 1112 1106 1098 1094 1098 1100 1099 1097 1099 1096 1096 1090 1084 1077 1070 1063 1053 1043 1035 1025 1015 1008 1003 998 991 982 972 960 949
1248 1240 1231 1222 1214 1207 1199 1191 1181 1171 1164 1163 1158 1153 1148 1143 1137 1132 1127 1121 1114 1109 1104 1104 1101 1098 1095 1099 1102 1108 1113 1117 1123 1129 1133 1139 1142 1141 1145 1150 1151 1149 1151 1152 1150 1144 1143 1145 1150 1152 1158 1158 1154 1147 1137 1128 1120 1113 1109 1107 1108 1101 1096 1095 1096 1096 1093 1095 1095 1092 1089 1082 1076 1070 1062 1052 1039 1029 1017 1008 1000 995 993 986 977 969 960 952
1254 1244 1235 1227 1218 1210 1202 1194 1186 1179 1173 1172 1166 1162 1157 1153 1146 1141 1135 1128 1121 1115 1109 1104 1098 1093 1090 1093 1094 1100 1103 1106 1111 1115 1121 1126 1128 1128 1132 1137 1137 1137 1139 1142 1141 1135 1134 1136 1142 1144 1150 1150 1145 1137 1127 1116 1108 1102 1098 1100 1103 1098 1095 1091 1090 1089 1087 1090 1091 1087 1084 1078 1072 1064 1056 1046 1033 1022 1011 1000 992 986 984 977 969 961 954 947
1252 1240 1230 1222 1216 1214 1208 1202 1194 1187 1185 1182 1177 1174 1169 1163 1157 1152 1146 1138 1131 1123 1116 1109 1103 1097 1092 1087 1083 1085 1088 1091 1096 1100 1105 1109 1112 1113 1118 1122 1122 1125 1129 1133 1133 1127 1125 1127 1133 1134 1139 1140 1135 1127 1117 1105 1096 1091 1089 1092 1096 1093 1093 1089 1086 1084 1081 1085 1088 1084 1078 1071 1065 1058 1050 1039 1027 1018 1007 997 988 981 975 967 960 953 945 939
1251 1240 1232 1225 1219 1219 1214 1209 1202 1196 1195 1191 1186 1187 1182 1175 1168 1162 1155 1147 1139 1131 1124 1116 1109 1103 1097 1090 1082 1077 1080 1081 1084 1086 1092 1094 1098 1098 1103 1107 1109 1114 1120 1122 1122 1114 1103 1098 1092 1086 1087 1092 1095 1091 1083 1077 1071 1072 1076 1078 1081 1084 1086 1083 1082 1077 1073 1079 1081 1077 1071 1064 1058 1052 1045 1035 1025 1016 1007 997 986 977 968 959 951 945 937 931
1254 1244 1237 1230 1227 1225 1221 1216 1210 1204 1205 1202 1197 1199 1195 1188 1180 1173 1165 1157 1148 1140 1132 1125 1117 1109 1102 1094 1087 1079 1073 1074 1074 1076 1081 1083 1087 1089 1093 1096 1100 1107 1115 1116 1115 1108 1097 1092 1091 1090 1091 1096 1099 1092 1084 1075 1068 1066 1070 1071 1073 1081 1080 1077 1072 1066 1061 1061 1056 1059 1057 1051 1045 1040 1037 1031 1022 1016 1004 992 982 974 963 952 943 935 928 924
1257 1249 1242 1238 1236 1232 1228 1224 1219 1214 1214 1212 1209 1210 1205 1200 1192 1184 1177 1168 1159 1150 1141 1134 1126 1118 1109 1102 1094 1086 1078 1071 1066 1067 1071 1071 1075 1079 1083 1086 1091 1100 1107 1112 1110 1103 1091 1085 1085 1086 1086 1089 1091 1085 1078 1069 1062 1062 1065 1065 1067 1074 1074 1071 1065 1059 1055 1058 1055 1057 1052 1045 1038 1033 1030 1025 1016 1010 998 986 975 967 957 947 937 929 925 927
1264 1256 1248 1246 1244 1241 1237 1232 1229 1224 1224 1223 1220 1220 1215 1211 1203 1196 1190 1181 1171 1160 1151 1144 1137 1129 1120 1112 1103 1094 1086 1077 1070 1064 1063 1062 1063 1069 1073 1077 1084 1092 1100 1106 1106 1102 1092 1083 1080 1079 1077 1080 1083 1078 1071 1063 1057 1059 1060 1058 1059 1065 1067 1063 1058 1051 1048 1053 1052 1051 1045 1038 1030 1025 1024 1017 1009 1003 991 979 968 959 949 941 934 935 933 936
1270 1264 1258 1257 1255 1254 1250 1244 1240 1237 1236 1237 1233 1232 1226 1222 1214 1208 1202 1193 1182 1172 1163 1156 1148 1140 1131 1122 1112 1102 1095 1085 1077 1069 1063 1056 1054 1059 1063 1068 1076 1085 1092 1099 1105 1102 1093 1084 1075 1069 1067 1072 1074 1070 1063 1057 1053 1057 1057 1055 1055 1058 1060 1056 1049 1042 1040 1044 1043 1041 1037 1032 1023 1018 1014 1009 1000 994 983 971 960 950 941 936 938 944 945 944
