OtherClasses/HikingElevation/Clipped-Grayson.asc
ncols        262
nrows        184
xllcorner    453945.000000000000
yllcorner    4050705.000000000000
cellsize     30.000000000000
NODATA_value -32767
[rows 39 to 77 of 184, columns 0 to 87 of 262]
1510 1505 1501 1500 1498 1493 1489 1483 1482 1485 1480 1476 1476 1474 1471 1468 1470 1466 1464 1462 1464 1469 1470 1475 1481 1485 1485 1489 1494 1499 1496 1498 1503 1507 1504 1500 1501 1502 1501 1497 1491 1486 1488 1484 1481 1464 1463 1462 1459 1455 1452 1449 1446 1442 1438 1434 1432 1430 1426 1423 1419 1415 1409 1404 1400 1396 1390 1384 1378 1373 1371 1366 1357 1354 1349 1341 1333 1323 1315 1307 1300 1293 1285 1277 1273 1269 1269 1268
1512 1505 1500 1500 1495 1491 1487 1481 1482 1482 1477 1475 1474 1474 1470 1467 1470 1468 1467 1467 1467 1472 1474 1480 1484 1488 1490 1494 1498 1501 1497 1494 1496 1498 1496 1493 1491 1490 1488 1486 1485 1481 1476 1473 1469 1458 1457 1456 1453 1449 1446 1444 1441 1437 1434 1430 1428 1426 1423 1420 1416 1412 1405 1401 1397 1393 1387 1381 1377 1373 1371 1368 1361 1358 1353 1345 1337 1327 1319 1312 1305 1298 1291 1284 1280 1277 1277 1276
1510 1505 1498 1495 1491 1488 1482 1479 1480 1477 1474 1473 1472 1468 1469 1468 1467 1467 1466 1467 1468 1471 1477 1482 1486 1487 1488 1493 1495 1497 1496 1492 1490 1489 1486 1486 1486 1484 1483 1481 1480 1476 1470 1467 1463 1453 1452 1450 1448 1443 1441 1439 1437 1433 1430 1426 1425 1423 1420 1417 1413 1409 1402 1398 1394 1390 1384 1379 1376 1373 1371 1371 1365 1363 1358 1349 1341 1331 1324 1317 1310 1304 1298 1291 1287 1286 1286 1285
1512 1506 1500 1498 1494 1491 1484 1479 1478 1478 1476 1475 1473 1468 1470 1470 1468 1467 1468 1470 1472 1474 1480 1484 1488 1489 1493 1499 1500 1499 1496 1490 1485 1483 1480 1480 1482 1478 1476 1475 1473 1468 1463 1462 1458 1446 1445 1442 1440 1436 1435 1433 1431 1427 1424 1420 1419 1418 1415 1411 1407 1403 1396 1393 1389 1384 1379 1376 1373 1371 1369 1369 1364 1362 1358 1349 1341 1333 1327 1320 1314 1308 1303 1297 1293 1292 1292 1292
1512 1505 1499 1497 1499 1498 1491 1484 1478 1476 1474 1471 1472 1471 1471 1474 1472 1472 1473 1475 1474 1476 1479 1483 1488 1492 1498 1503 1500 1495 1492 1485 1480 1479 1476 1474 1475 1472 1470 1468 1465 1460 1457 1455 1453 1440 1438 1435 1433 1430 1429 1428 1425 1422 1418 1414 1413 1413 1411 1406 1402 1397 1391 1388 1384 1379 1375 1373 1371 1369 1368 1367 1364 1362 1359 1350 1342 1335 1330 1324 1318 1313 1308 1303 1300 1299 1299 1300
1514 1507 1501 1501 1503 1502 1496 1488 1480 1475 1475 1472 1473 1474 1474 1474 1475 1475 1476 1476 1479 1481 1482 1485 1487 1491 1495 1497 1497 1491 1486 1479 1475 1474 1472 1468 1467 1466 1463 1460 1458 1452 1452 1448 1446 1433 1431 1428 1426 1424 1423 1421 1419 1416 1412 1408 1407 1407 1405 1400 1396 1390 1385 1382 1378 1373 1370 1369 1367 1365 1364 1363 1361 1360 1358 1348 1341 1335 1331 1325 1320 1316 1311 1307 1305 1304 1304 1305
1517 1511 1504 1500 1499 1496 1493 1487 1481 1477 1479 1476 1474 1474 1476 1473 1475 1474 1477 1480 1485 1486 1485 1488 1488 1487 1490 1490 1492 1486 1479 1473 1470 1469 1467 1463 1460 1456 1456 1453 1450 1445 1445 1442 1439 1426 1424 1421 1419 1418 1417 1415 1413 1410 1406 1403 1402 1401 1399 1394 1390 1384 1380 1377 1372 1368 1366 1365 1363 1362 1361 1360 1359 1358 1357 1347 1341 1336 1332 1327 1323 1319 1315 1312 1310 1310 1310 1311
1521 1514 1507 1501 1496 1492 1491 1486 1482 1480 1478 1476 1475 1476 1476 1474 1476 1476 1477 1481 1485 1486 1486 1490 1489 1487 1488 1484 1484 1480 1474 1466 1466 1463 1461 1457 1453 1448 1448 1445 1443 1439 1439 1434 1431 1418 1416 1414 1412 1411 1410 1408 1406 1404 1400 1397 1396 1394 1392 1387 1383 1377 1374 1370 1366 1362 1359 1358 1356 1354 1353 1352 1351 1350 1349 1341 1335 1331 1328 1324 1320 1316 1313 1310 1308 1308 1309 1310
1519 1512 1505 1501 1498 1495 1490 1486 1487 1485 1482 1480 1480 1481 1478 1479 1479 1480 1476 1477 1480 1478 1486 1491 1487 1485 1483 1478 1476 1474 1467 1460 1461 1457 1456 1453 1448 1442 1441 1438 1435 1432 1430 1427 1423 1411 1409 1407 1406 1405 1404 1402 1400 1398 1395 1392 1390 1387 1385 1381 1376 1371 1368 1364 1361 1357 1353 1351 1349 1347 1345 1345 1344 1343 1342 1335 1330 1327 1324 1321 1317 1314 1312 1309 1307 1307 1308 1309
1523 1516 1509 1503 1502 1498 1491 1491 1492 1490 1488 1486 1486 1487 1484 1482 1482 1486 1482 1480 1480 1478 1485 1487 1483 1479 1476 1471 1469 1468 1466 1460 1455 1453 1451 1448 1443 1437 1433 1432 1427 1424 1421 1419 1416 1403 1402 1400 1400 1399 1398 1396 1394 1392 1390 1387 1384 1381 1378 1375 1370 1365 1362 1358 1355 1351 1347 1344 1342 1340 1338 1337 1336 1335 1334 1328 1324 1322 1320 1317 1314 1312 1310 1307 1305 1306 1307 1308
1523 1518 1516 1509 1506 1501 1495 1495 1495 1493 1492 1492 1494 1492 1489 1486 1488 1491 1488 1486 1481 1479 1481 1482 1479 1474 1469 1465 1463 1462 1461 1456 1450 1450 1447 1442 1437 1432 1426 1424 1419 1416 1412 1410 1407 1396 1395 1394 1394 1393 1392 1390 1388 1387 1385 1382 1379 1375 1371 1369 1364 1359 1356 1353 1350 1346 1341 1338 1335 1333 1331 1330 1329 1328 1327 1322 1319 1317 1316 1314 1312 1310 1308 1306 1304 1305 1307 1307
1528 1523 1520 1514 1510 1504 1498 1498 1495 1493 1493 1491 1492 1489 1489 1485 1485 1488 1488 1483 1478 1474 1476 1478 1474 1470 1465 1465 1462 1457 1453 1453 1452 1447 1441 1437 1431 1427 1421 1416 1412 1408 1404 1401 1397 1390 1389 1388 1389 1388 1388 1386 1385 1384 1382 1379 1375 1372 1368 1365 1361 1357 1353 1350 1347 1341 1336 1332 1329 1327 1324 1322 1321 1320 1319 1315 1312 1311 1310 1309 1308 1306 1304 1302 1300 1301 1302 1303
1534 1527 1519 1518 1513 1507 1501 1495 1493 1488 1489 1487 1487 1488 1488 1486 1480 1482 1483 1477 1473 1470 1471 1473 1468 1464 1460 1461 1459 1452 1446 1447 1446 1441 1434 1431 1426 1421 1416 1410 1404 1401 1396 1392 1389 1384 1384 1383 1384 1384 1384 1383 1382 1381 1379 1376 1372 1369 1365 1362 1358 1355 1351 1347 1344 1337 1332 1327 1323 1321 1318 1315 1313 1313 1311 1308 1306 1305 1305 1305 1304 1302 1300 1298 1296 1297 1298 1300
1534 1528 1521 1520 1515 1510 1506 1500 1495 1490 1491 1491 1493 1492 1491 1487 1484 1482 1479 1476 1472 1470 1470 1467 1463 1458 1454 1456 1453 1447 1441 1441 1437 1435 1429 1423 1420 1415 1409 1403 1397 1394 1388 1383 1382 1378 1378 1377 1379 1379 1380 1379 1379 1378 1375 1372 1369 1365 1361 1358 1355 1353 1348 1344 1341 1333 1327 1321 1317 1315 1312 1307 1305 1305 1303 1300 1299 1298 1299 1300 1299 1298 1296 1294 1292 1292 1294 1296
1531 1527 1522 1516 1516 1512 1507 1500 1496 1491 1493 1492 1495 1494 1491 1490 1487 1482 1478 1476 1473 1470 1469 1463 1459 1457 1451 1450 1446 1440 1435 1434 1429 1428 1422 1415 1413 1408 1402 1395 1389 1386 1382 1377 1375 1372 1372 1372 1374 1375 1376 1376 1376 1375 1372 1369 1366 1362 1358 1355 1353 1352 1345 1342 1338 1329 1322 1316 1312 1310 1306 1299 1298 1297 1295 1293 1293 1292 1294 1295 1295 1294 1293 1291 1288 1288 1290 1293
1528 1525 1521 1515 1514 1509 1505 1499 1492 1487 1487 1485 1487 1488 1489 1488 1485 1480 1476 1472 1473 1468 1464 1459 1459 1458 1451 1445 1439 1433 1428 1426 1423 1421 1415 1411 1408 1401 1394 1386 1380 1377 1377 1373 1374 1366 1366 1366 1368 1369 1369 1369 1369 1369 1366 1364 1361 1358 1354 1350 1347 1344 1338 1335 1330 1322 1315 1310 1306 1302 1298 1292 1290 1289 1288 1286 1287 1286 1288 1289 1288 1287 1286 1284 1283 1283 1285 1287
1523 1520 1518 1512 1509 1504 1499 1494 1488 1482 1481 1478 1480 1482 1486 1484 1482 1479 1476 1473 1470 1464 1462 1456 1455 1452 1445 1438 1431 1426 1421 1419 1417 1414 1408 1405 1401 1394 1385 1378 1373 1370 1373 1369 1369 1361 1361 1361 1362 1363 1363 1363 1363 1363 1361 1359 1357 1354 1350 1346 1341 1337 1332 1328 1323 1315 1309 1305 1300 1294 1290 1285 1283 1282 1281 1280 1281 1281 1282 1283 1282 1281 1279 1278 1278 1278 1280 1282
1519 1515 1512 1506 1503 1497 1493 1489 1482 1477 1473 1473 1474 1475 1479 1476 1477 1476 1474 1470 1464 1459 1457 1453 1448 1443 1435 1427 1421 1416 1411 1411 1409 1405 1399 1392 1386 1382 1375 1370 1366 1367 1368 1367 1365 1356 1355 1355 1355 1356 1357 1357 1357 1357 1355 1354 1352 1349 1345 1341 1334 1330 1325 1321 1315 1308 1303 1300 1293 1286 1281 1277 1275 1274 1274 1273 1274 1275 1276 1276 1275 1273 1272 1272 1272 1273 1274 1276
1512 1511 1506 1500 1494 1491 1486 1481 1476 1469 1466 1468 1466 1465 1470 1471 1472 1472 1469 1466 1461 1458 1454 1451 1446 1440 1433 1424 1416 1411 1407 1407 1404 1399 1393 1387 1380 1375 1370 1366 1364 1362 1363 1361 1358 1351 1350 1350 1349 1350 1351 1351 1351 1351 1350 1349 1348 1345 1341 1337 1328 1323 1319 1314 1308 1301 1297 1295 1287 1278 1273 1270 1267 1267 1267 1267 1268 1270 1271 1270 1268 1266 1265 1266 1267 1268 1269 1271
1502 1501 1499 1493 1488 1484 1479 1474 1469 1463 1460 1458 1460 1460 1464 1465 1468 1466 1464 1461 1457 1455 1455 1451 1445 1437 1430 1424 1417 1411 1406 1405 1399 1394 1388 1382 1375 1369 1369 1371 1366 1361 1357 1354 1351 1348 1346 1346 1344 1345 1345 1345 1345 1345 1344 1343 1342 1340 1336 1331 1323 1317 1312 1307 1302 1296 1292 1289 1281 1273 1268 1264 1261 1260 1261 1261 1262 1263 1263 1262 1261 1259 1258 1258 1260 1261 1263 1264
1494 1493 1491 1486 1482 1476 1471 1467 1461 1456 1453 1449 1453 1454 1458 1458 1463 1460 1458 1456 1452 1451 1450 1447 1442 1436 1427 1421 1415 1410 1404 1401 1394 1389 1383 1376 1369 1364 1365 1369 1367 1362 1357 1351 1348 1345 1343 1342 1340 1340 1340 1340 1340 1340 1339 1338 1337 1335 1332 1326 1318 1311 1306 1301 1297 1291 1287 1283 1276 1268 1263 1258 1255 1254 1255 1255 1256 1257 1256 1255 1254 1253 1252 1251 1253 1255 1257 1257
1486 1486 1483 1478 1474 1469 1465 1460 1454 1447 1446 1444 1448 1448 1452 1455 1456 1453 1451 1450 1448 1447 1446 1442 1437 1430 1426 1420 1414 1409 1403 1397 1390 1384 1377 1370 1363 1366 1367 1370 1369 1367 1361 1355 1350 1342 1339 1338 1335 1334 1334 1334 1334 1334 1333 1332 1331 1329 1327 1320 1312 1306 1299 1295 1292 1286 1282 1277 1271 1263 1258 1253 1249 1248 1249 1249 1250 1251 1248 1246 1246 1247 1245 1243 1245 1248 1250 1250
1480 1479 1476 1471 1466 1462 1460 1453 1446 1439 1440 1439 1442 1441 1446 1450 1449 1449 1446 1444 1442 1442 1442 1437 1431 1425 1424 1418 1414 1409 1403 1396 1388 1380 1373 1367 1361 1364 1365 1367 1363 1361 1356 1351 1346 1339 1336 1334 1331 1329 1329 1329 1329 1328 1328 1327 1325 1324 1322 1314 1307 1301 1293 1289 1288 1282 1277 1272 1266 1259 1253 1248 1243 1242 1244 1244 1244 1245 1241 1238 1239 1241 1238 1236 1237 1241 1243 1243
1472 1472 1470 1468 1462 1456 1453 1445 1439 1436 1435 1437 1436 1436 1441 1442 1444 1443 1440 1440 1438 1436 1437 1432 1426 1424 1421 1415 1410 1406 1404 1396 1387 1379 1373 1372 1366 1366 1362 1362 1358 1356 1352 1351 1345 1341 1338 1335 1332 1329 1328 1327 1326 1325 1324 1323 1320 1319 1317 1309 1303 1297 1289 1285 1284 1278 1273 1268 1263 1256 1250 1245 1240 1239 1240 1239 1239 1239 1234 1231 1232 1233 1230 1228 1229 1232 1234 1234
1465 1467 1464 1466 1458 1450 1444 1437 1432 1431 1429 1432 1430 1431 1437 1436 1438 1437 1435 1434 1432 1430 1430 1426 1420 1421 1416 1412 1407 1401 1399 1394 1387 1382 1375 1369 1365 1368 1366 1361 1358 1357 1355 1353 1348 1344 1340 1337 1333 1329 1328 1325 1323 1322 1321 1319 1316 1315 1312 1305 1299 1294 1285 1281 1280 1275 1269 1265 1260 1254 1248 1243 1238 1236 1236 1235 1235 1233 1228 1224 1225 1226 1223 1220 1221 1224 1226 1225
1461 1462 1459 1458 1451 1443 1435 1431 1426 1426 1424 1426 1428 1433 1435 1435 1433 1431 1431 1430 1428 1427 1424 1423 1420 1417 1411 1408 1402 1397 1395 1390 1386 1378 1371 1364 1366 1368 1367 1364 1363 1362 1361 1357 1354 1348 1343 1340 1336 1331 1329 1324 1321 1320 1318 1315 1312 1310 1307 1301 1296 1291 1283 1277 1276 1272 1266 1262 1258 1252 1247 1242 1237 1235 1233 1231 1231 1228 1223 1219 1218 1217 1214 1211 1211 1214 1216 1215
1459 1457 1455 1450 1443 1435 1427 1426 1421 1420 1419 1419 1423 1427 1430 1430 1427 1425 1427 1426 1424 1422 1418 1416 1414 1411 1406 1402 1397 1396 1391 1386 1381 1374 1368 1364 1363 1365 1365 1364 1364 1366 1368 1364 1362 1352 1347 1344 1339 1333 1330 1324 1320 1318 1316 1311 1308 1306 1302 1297 1293 1288 1281 1274 1273 1269 1264 1260 1256 1251 1246 1241 1237 1234 1231 1228 1227 1224 1218 1214 1211 1209 1206 1202 1202 1205 1207 1205
1453 1451 1449 1443 1436 1428 1421 1420 1416 1414 1415 1415 1418 1420 1424 1425 1423 1424 1425 1423 1419 1415 1412 1409 1409 1404 1400 1396 1392 1396 1389 1381 1377 1373 1368 1370 1366 1365 1366 1366 1369 1372 1375 1370 1369 1358 1353 1350 1344 1337 1332 1325 1321 1318 1315 1310 1306 1304 1300 1295 1292 1287 1281 1274 1272 1268 1263 1259 1256 1251 1246 1242 1238 1235 1232 1228 1227 1224 1218 1214 1210 1206 1202 1197 1196 1199 1200 1198
1446 1446 1442 1436 1429 1421 1414 1416 1415 1412 1413 1412 1416 1417 1421 1421 1420 1422 1423 1420 1415 1412 1409 1406 1404 1400 1399 1394 1392 1391 1387 1381 1375 1374 1372 1374 1372 1371 1371 1373 1376 1379 1382 1378 1376 1364 1360 1356 1350 1342 1334 1327 1322 1318 1315 1310 1305 1302 1298 1294 1291 1287 1281 1275 1271 1267 1262 1259 1256 1252 1247 1244 1240 1236 1233 1229 1228 1224 1219 1215 1209 1204 1198 1192 1190 1193 1194 1192
1438 1441 1438 1430 1423 1417 1415 1412 1411 1407 1408 1411 1416 1418 1421 1423 1424 1426 1422 1418 1417 1413 1411 1407 1405 1401 1399 1396 1393 1389 1389 1387 1380 1377 1377 1377 1379 1378 1377 1379 1382 1385 1388 1385 1382 1371 1368 1363 1357 1349 1336 1330 1325 1319 1316 1311 1306 1302 1298 1295 1291 1288 1284 1278 1272 1268 1263 1260 1258 1254 1250 1247 1244 1241 1238 1235 1234 1231 1227 1223 1216 1210 1201 1192 1189 1191 1192 1191
1430 1433 1430 1423 1416 1410 1412 1406 1407 1405 1409 1412 1416 1417 1420 1422 1422 1425 1424 1422 1417 1413 1411 1406 1404 1403 1400 1398 1395 1393 1393 1392 1386 1383 1381 1382 1382 1380 1382 1385 1386 1386 1387 1391 1389 1379 1376 1370 1365 1356 1338 1333 1328 1321 1317 1313 1308 1303 1299 1296 1292 1289 1287 1281 1274 1269 1265 1262 1260 1257 1253 1250 1248 1246 1244 1242 1241 1239 1236 1231 1224 1216 1204 1193 1189 1190 1191 1191
1423 1423 1419 1414 1408 1402 1403 1400 1402 1404 1409 1412 1415 1420 1422 1424 1425 1424 1423 1418 1419 1416 1411 1408 1407 1404 1402 1399 1396 1396 1395 1393 1389 1390 1385 1388 1386 1384 1387 1390 1390 1389 1389 1391 1391 1383 1380 1373 1368 1358 1339 1335 1330 1323 1318 1315 1310 1305 1301 1297 1293 1291 1289 1284 1276 1271 1266 1263 1261 1258 1254 1252 1250 1248 1247 1245 1244 1243 1241 1236 1229 1221 1208 1195 1191 1191 1193 1193
1416 1414 1410 1405 1400 1395 1397 1395 1400 1404 1409 1416 1420 1424 1425 1425 1427 1426 1425 1421 1422 1421 1416 1415 1412 1410 1406 1404 1400 1398 1401 1398 1395 1396 1392 1395 1392 1389 1388 1390 1390 1390 1391 1389 1389 1387 1384 1377 1371 1360 1341 1337 1333 1325 1320 1317 1313 1307 1303 1299 1295 1293 1292 1287 1278 1273 1268 1265 1263 1260 1256 1254 1253 1251 1250 1249 1247 1247 1246 1241 1235 1226 1212 1198 1193 1193 1195 1195
1397 1398 1396 1392 1387 1388 1388 1396 1400 1404 1411 1417 1421 1426 1428 1429 1430 1431 1430 1426 1423 1421 1420 1417 1414 1414 1409 1405 1403 1402 1402 1400 1400 1402 1400 1403 1400 1396 1394 1395 1394 1393 1393 1389 1388 1385 1382 1375 1367 1356 1341 1337 1334 1327 1323 1320 1316 1311 1307 1303 1298 1296 1293 1289 1281 1275 1269 1265 1263 1259 1255 1253 1251 1249 1247 1244 1242 1241 1240 1237 1233 1227 1217 1208 1204 1205 1208 1208
1386 1390 1390 1386 1383 1387 1391 1397 1402 1410 1416 1421 1426 1431 1435 1436 1437 1438 1438 1436 1432 1429 1428 1425 1422 1417 1413 1411 1409 1408 1405 1406 1406 1406 1408 1410 1407 1402 1399 1396 1395 1392 1392 1390 1385 1384 1380 1373 1364 1353 1341 1338 1335 1330 1326 1323 1320 1316 1312 1307 1302 1300 1295 1291 1284 1278 1271 1266 1263 1259 1255 1252 1250 1247 1244 1240 1237 1235 1235 1233 1231 1229 1223 1218 1216 1218 1221 1222
1377 1381 1383 1382 1384 1391 1397 1400 1407 1414 1420 1426 1431 1437 1442 1443 1444 1445 1445 1446 1441 1438 1436 1433 1430 1425 1421 1420 1418 1416 1410 1413 1412 1410 1415 1416 1413 1408 1404 1401 1397 1395 1395 1393 1388 1383 1379 1372 1362 1352 1342 1340 1337 1334 1330 1327 1324 1321 1317 1311 1306 1303 1297 1293 1288 1281 1273 1267 1264 1260 1255 1252 1249 1245 1241 1236 1232 1230 1230 1230 1230 1230 1229 1228 1228 1230 1234 1235
1368 1373 1377 1377 1383 1391 1399 1400 1410 1418 1424 1430 1437 1444 1448 1450 1452 1454 1454 1454 1451 1447 1445 1440 1436 1432 1428 1427 1426 1423 1419 1419 1420 1416 1415 1416 1411 1408 1405 1403 1404 1398 1393 1389 1386 1382 1378 1371 1361 1351 1344 1342 1340 1338 1334 1331 1329 1326 1322 1316 1311 1307 1300 1296 1292 1284 1275 1269 1265 1261 1256 1252 1248 1243 1239 1232 1228 1225 1225 1227 1229 1232 1235 1238 1240 1243 1247 1249
1361 1366 1373 1380 1386 1391 1398 1403 1413 1421 1426 1434 1444 1452 1454 1458 1462 1462 1462 1461 1460 1455 1453 1449 1443 1440 1437 1434 1434 1431 1428 1427 1427 1422 1419 1418 1414 1414 1410 1407 1408 1403 1397 1392 1388 1384 1380 1375 1367 1359 1353 1350 1349 1347 1342 1339 1336 1333 1330 1324 1319 1315 1308 1304 1298 1290 1282 1277 1274 1271 1265 1261 1258 1253 1249 1242 1237 1234 1233 1236 1238 1241 1244 1247 1249 1251 1254 1256
1355 1360 1368 1376 1384 1392 1400 1408 1419 1426 1432 1441 1451 1459 1462 1467 1470 1469 1470 1467 1466 1461 1461 1456 1450 1450 1447 1444 1444 1440 1436 1434 1432 1428 1425 1424 1420 1420 1417 1413 1409 1404 1402 1397 1391 1387 1383 1379 1373 1367 1362 1359 1358 1357 1351 1347 1344 1341 1338 1333 1327 1323 1317 1313 1304 1296 1289 1286 1284 1281 1275 1271 1269 1264 1259 1252 1247 1243 1242 1245 1247 1250 1253 1256 1258 1260 1262 1264
