OtherClasses/HikingElevation/Clipped-Grayson.asc
ncols        262
nrows        184
xllcorner    453945.000000000000
yllcorner    4050705.000000000000
cellsize     30.000000000000
NODATA_value -32767
[rows 39 to 77 of 184, columns 88 to 175 of 262]
1268 1267 1266 1263 1261 1259 1258 1258 1258 1257 1256 1251 1241 1237 1227 1216 1207 1199 1191 1182 1167 1153 1144 1136 1131 1132 1136 1141 1146 1151 1154 1155 1153 1149 1147 1145 1150 1155 1163 1170 1173 1178 1185 1189 1190 1190 1188 1186 1182 1176 1169 1161 1159 1154 1151 1149 1150 1155 1161 1167 1176 1188 1208 1216 1225 1234 1239 1246 1255 1261 1267 1270 1270 1267 1265 1263 1261 1257 1253 1251 1248 1246 1242 1237 1233 1231 1232 1238
1277 1276 1275 1273 1270 1268 1267 1266 1266 1265 1263 1258 1246 1240 1229 1218 1209 1200 1193 1185 1168 1153 1143 1133 1126 1126 1128 1133 1139 1144 1147 1149 1148 1144 1143 1143 1149 1156 1163 1169 1171 1176 1183 1186 1185 1183 1179 1177 1171 1163 1156 1149 1146 1144 1145 1148 1151 1156 1163 1169 1178 1192 1214 1224 1233 1241 1243 1251 1259 1266 1272 1276 1274 1269 1265 1262 1259 1254 1250 1247 1242 1239 1234 1229 1226 1227 1230 1236
1286 1285 1285 1283 1280 1278 1277 1275 1274 1273 1270 1265 1251 1244 1232 1221 1211 1201 1196 1188 1170 1153 1143 1131 1122 1120 1121 1126 1132 1137 1141 1144 1143 1139 1139 1141 1149 1158 1164 1168 1169 1175 1181 1183 1181 1177 1171 1168 1160 1151 1143 1137 1134 1134 1140 1147 1153 1158 1165 1172 1181 1196 1220 1233 1242 1248 1248 1256 1264 1271 1278 1282 1279 1272 1266 1262 1258 1252 1247 1243 1237 1232 1226 1221 1220 1223 1228 1234
1293 1293 1293 1291 1289 1287 1285 1282 1279 1277 1272 1268 1255 1247 1234 1223 1210 1198 1191 1181 1165 1149 1138 1126 1119 1117 1119 1123 1129 1135 1140 1143 1143 1140 1140 1141 1147 1155 1159 1162 1161 1166 1171 1171 1169 1164 1158 1155 1149 1143 1138 1134 1134 1135 1140 1147 1154 1161 1169 1176 1184 1200 1222 1233 1241 1248 1251 1258 1265 1270 1275 1278 1274 1268 1262 1258 1253 1247 1241 1236 1230 1226 1221 1216 1214 1217 1222 1228
1301 1301 1301 1300 1298 1296 1293 1289 1285 1281 1275 1272 1259 1250 1237 1226 1210 1195 1186 1175 1161 1145 1133 1121 1116 1115 1117 1120 1126 1133 1139 1143 1143 1142 1141 1141 1145 1152 1155 1156 1154 1157 1161 1160 1157 1152 1146 1142 1138 1135 1133 1132 1134 1137 1141 1147 1155 1165 1174 1180 1188 1204 1225 1233 1241 1249 1255 1261 1266 1270 1273 1274 1270 1264 1258 1255 1249 1242 1235 1229 1223 1220 1216 1212 1209 1211 1216 1222
1307 1307 1307 1306 1305 1303 1299 1294 1289 1284 1277 1275 1262 1252 1238 1228 1209 1192 1181 1169 1156 1141 1128 1116 1113 1113 1114 1117 1123 1131 1138 1142 1143 1143 1141 1140 1142 1149 1151 1149 1146 1148 1150 1149 1145 1139 1133 1129 1127 1127 1128 1130 1134 1139 1142 1147 1156 1168 1178 1184 1191 1208 1227 1233 1241 1250 1258 1264 1267 1269 1270 1270 1265 1259 1254 1251 1244 1236 1229 1221 1216 1214 1211 1207 1204 1205 1209 1215
1313 1313 1313 1313 1313 1310 1305 1300 1294 1287 1279 1278 1266 1255 1240 1231 1209 1189 1177 1164 1152 1138 1124 1111 1110 1111 1112 1114 1120 1129 1137 1142 1144 1144 1142 1140 1140 1146 1147 1143 1139 1140 1140 1138 1133 1127 1120 1116 1116 1120 1123 1128 1135 1141 1143 1147 1158 1172 1183 1188 1195 1212 1230 1233 1241 1251 1262 1267 1268 1268 1268 1266 1261 1255 1250 1248 1239 1231 1223 1214 1209 1208 1207 1203 1199 1199 1203 1209
1311 1311 1311 1311 1310 1306 1301 1296 1290 1283 1275 1272 1261 1251 1237 1228 1208 1190 1177 1164 1150 1135 1121 1109 1108 1111 1114 1117 1123 1130 1137 1141 1144 1145 1144 1142 1141 1144 1142 1137 1132 1132 1132 1129 1126 1123 1120 1119 1121 1126 1129 1136 1144 1154 1157 1161 1170 1184 1195 1200 1208 1224 1240 1242 1248 1255 1264 1268 1268 1267 1266 1263 1258 1251 1245 1241 1232 1225 1216 1207 1202 1201 1200 1197 1192 1193 1198 1205
1310 1310 1310 1309 1307 1303 1298 1293 1286 1280 1272 1267 1257 1247 1234 1225 1208 1191 1177 1164 1149 1133 1118 1107 1106 1111 1116 1120 1126 1132 1137 1141 1144 1146 1146 1144 1143 1142 1137 1132 1126 1125 1125 1121 1119 1120 1121 1123 1127 1132 1136 1145 1154 1167 1171 1175 1183 1196 1208 1213 1221 1236 1250 1252 1256 1260 1267 1269 1268 1266 1264 1260 1255 1248 1240 1234 1225 1219 1210 1201 1196 1194 1194 1191 1186 1187 1194 1201
1308 1308 1308 1307 1304 1299 1294 1289 1282 1277 1268 1261 1252 1243 1231 1221 1207 1191 1177 1164 1148 1131 1115 1105 1104 1111 1118 1123 1129 1133 1137 1141 1144 1146 1147 1146 1144 1139 1132 1126 1119 1118 1117 1112 1112 1118 1123 1128 1134 1139 1144 1155 1165 1181 1186 1190 1197 1210 1221 1226 1235 1249 1261 1263 1265 1265 1269 1270 1268 1265 1262 1258 1252 1244 1234 1226 1217 1212 1203 1195 1190 1187 1187 1184 1179 1182 1190 1197
1307 1307 1307 1305 1301 1296 1291 1286 1279 1274 1265 1255 1248 1240 1229 1218 1207 1192 1177 1164 1147 1129 1113 1103 1102 1111 1120 1127 1132 1134 1137 1141 1145 1147 1149 1149 1146 1137 1127 1121 1112 1111 1109 1104 1106 1116 1125 1133 1141 1147 1152 1165 1176 1196 1202 1205 1212 1224 1235 1240 1249 1262 1272 1274 1274 1271 1272 1271 1268 1265 1261 1256 1250 1241 1229 1218 1209 1206 1196 1189 1184 1180 1181 1177 1172 1177 1187 1193
1304 1304 1303 1301 1296 1291 1285 1279 1272 1264 1254 1245 1237 1230 1221 1211 1202 1188 1174 1162 1146 1129 1113 1104 1102 1109 1115 1120 1124 1126 1128 1133 1137 1141 1144 1145 1143 1134 1126 1117 1107 1105 1103 1101 1104 1114 1123 1133 1142 1148 1155 1169 1180 1198 1205 1209 1216 1228 1237 1243 1252 1263 1272 1274 1275 1271 1272 1272 1269 1266 1261 1256 1249 1241 1228 1217 1206 1202 1193 1185 1179 1175 1175 1170 1166 1171 1180 1186
1301 1301 1300 1297 1292 1287 1280 1273 1266 1255 1243 1236 1226 1220 1213 1205 1197 1185 1172 1160 1146 1129 1114 1105 1102 1108 1111 1114 1116 1118 1120 1125 1130 1135 1139 1141 1140 1132 1125 1114 1103 1099 1098 1098 1103 1112 1122 1133 1144 1150 1158 1174 1184 1201 1208 1213 1221 1232 1240 1246 1255 1265 1272 1275 1276 1272 1273 1273 1271 1267 1262 1256 1249 1241 1228 1216 1204 1198 1190 1181 1175 1171 1169 1164 1160 1165 1174 1180
1298 1298 1296 1292 1287 1282 1274 1266 1259 1245 1231 1226 1214 1210 1204 1198 1191 1181 1169 1158 1146 1130 1115 1106 1102 1105 1105 1106 1107 1108 1110 1115 1121 1128 1133 1136 1136 1129 1124 1111 1098 1093 1092 1096 1102 1110 1120 1131 1143 1149 1160 1176 1186 1199 1206 1212 1222 1232 1239 1245 1253 1261 1267 1270 1272 1270 1272 1274 1272 1269 1264 1258 1250 1242 1230 1218 1205 1196 1189 1178 1172 1167 1164 1158 1154 1158 1166 1171
1296 1295 1293 1288 1283 1277 1268 1260 1253 1235 1220 1217 1203 1200 1196 1191 1186 1177 1166 1156 1146 1131 1117 1108 1103 1103 1100 1098 1098 1098 1101 1106 1113 1121 1127 1131 1132 1127 1124 1108 1094 1088 1087 1094 1101 1108 1118 1130 1143 1149 1162 1179 1188 1198 1205 1212 1223 1232 1238 1244 1251 1257 1262 1266 1269 1269 1272 1275 1274 1271 1266 1260 1252 1244 1233 1221 1206 1194 1188 1176 1170 1164 1159 1152 1148 1152 1158 1163
1289 1287 1285 1280 1275 1268 1258 1250 1242 1226 1212 1208 1195 1191 1185 1180 1175 1167 1157 1148 1139 1127 1115 1107 1102 1101 1098 1096 1095 1094 1096 1101 1107 1114 1120 1124 1125 1121 1119 1103 1090 1086 1086 1094 1102 1109 1119 1132 1145 1152 1165 1181 1190 1198 1205 1213 1223 1231 1236 1242 1248 1253 1258 1262 1265 1267 1270 1273 1272 1269 1265 1259 1251 1244 1234 1223 1207 1194 1189 1176 1169 1162 1155 1146 1142 1145 1149 1153
1282 1280 1277 1273 1267 1259 1249 1240 1231 1217 1205 1200 1187 1182 1174 1169 1164 1157 1148 1140 1133 1124 1114 1106 1102 1100 1097 1094 1092 1091 1092 1096 1101 1108 1114 1118 1119 1116 1115 1099 1087 1084 1086 1095 1103 1111 1121 1134 1148 1156 1169 1184 1192 1199 1206 1214 1224 1231 1235 1240 1246 1250 1254 1258 1262 1265 1268 1271 1271 1268 1264 1258 1251 1244 1236 1226 1209 1195 1190 1177 1168 1161 1151 1141 1137 1138 1140 1144
1275 1271 1268 1265 1257 1249 1239 1229 1220 1208 1198 1192 1180 1173 1162 1156 1151 1145 1137 1130 1125 1118 1111 1105 1101 1098 1096 1093 1091 1090 1090 1092 1096 1102 1107 1110 1111 1109 1107 1094 1084 1083 1088 1096 1105 1114 1125 1138 1152 1161 1173 1186 1194 1201 1207 1216 1225 1230 1233 1237 1243 1247 1250 1254 1259 1261 1264 1266 1266 1263 1259 1254 1249 1243 1236 1227 1212 1199 1192 1181 1170 1161 1149 1137 1131 1130 1130 1133
1268 1263 1259 1257 1248 1239 1229 1219 1209 1199 1192 1185 1174 1164 1151 1144 1139 1134 1126 1121 1118 1113 1108 1104 1100 1097 1096 1093 1091 1089 1089 1089 1092 1097 1101 1103 1103 1102 1100 1090 1082 1083 1090 1098 1108 1118 1130 1143 1156 1166 1178 1188 1196 1203 1209 1218 1226 1229 1231 1235 1241 1244 1247 1251 1256 1258 1260 1261 1261 1258 1254 1250 1247 1243 1237 1228 1215 1203 1195 1185 1173 1162 1148 1133 1126 1123 1121 1122
1261 1255 1250 1248 1239 1229 1219 1209 1199 1190 1183 1176 1166 1157 1144 1138 1134 1130 1123 1119 1117 1113 1109 1105 1102 1099 1098 1096 1094 1091 1091 1090 1092 1095 1098 1099 1098 1098 1096 1087 1080 1082 1089 1096 1105 1116 1129 1141 1153 1164 1176 1185 1192 1199 1205 1213 1220 1222 1224 1228 1234 1237 1240 1245 1250 1252 1253 1254 1254 1251 1247 1244 1243 1240 1236 1228 1216 1206 1197 1188 1175 1163 1147 1131 1122 1117 1113 1113
1254 1248 1242 1239 1230 1220 1210 1199 1190 1181 1174 1167 1159 1150 1138 1133 1130 1127 1121 1117 1116 1113 1111 1107 1104 1102 1101 1100 1097 1094 1093 1092 1092 1094 1095 1095 1094 1094 1092 1084 1079 1082 1088 1094 1103 1115 1128 1140 1151 1163 1174 1182 1189 1195 1201 1209 1214 1216 1218 1222 1228 1231 1234 1239 1244 1247 1247 1247 1247 1245 1241 1239 1239 1238 1235 1229 1218 1209 1199 1192 1177 1165 1147 1129 1119 1112 1105 1104
1247 1242 1234 1229 1221 1211 1200 1190 1182 1172 1164 1157 1151 1143 1135 1133 1131 1129 1124 1121 1120 1117 1115 1111 1108 1107 1106 1105 1103 1100 1099 1098 1097 1097 1096 1095 1093 1092 1090 1083 1078 1080 1083 1086 1095 1106 1119 1130 1140 1151 1161 1170 1176 1181 1186 1193 1198 1201 1203 1209 1215 1219 1222 1227 1232 1236 1236 1237 1237 1234 1231 1230 1231 1231 1230 1225 1217 1208 1200 1194 1177 1167 1150 1133 1123 1113 1103 1098
1241 1236 1226 1220 1212 1202 1190 1181 1174 1163 1154 1148 1143 1137 1132 1133 1132 1131 1128 1126 1124 1121 1119 1116 1113 1112 1112 1111 1109 1107 1106 1104 1102 1100 1097 1095 1093 1091 1089 1083 1078 1078 1078 1079 1087 1098 1111 1121 1129 1140 1149 1158 1163 1167 1172 1178 1182 1186 1189 1196 1203 1208 1210 1216 1221 1225 1226 1227 1227 1224 1221 1221 1223 1225 1225 1222 1217 1208 1202 1196 1177 1169 1154 1138 1127 1115 1102 1093
1231 1227 1216 1210 1202 1193 1182 1174 1169 1159 1151 1145 1142 1137 1134 1136 1136 1135 1133 1131 1130 1127 1125 1122 1120 1119 1118 1117 1115 1113 1112 1109 1107 1104 1100 1097 1094 1092 1089 1083 1078 1078 1075 1074 1080 1090 1102 1112 1119 1129 1137 1147 1151 1154 1158 1163 1167 1171 1176 1183 1190 1196 1198 1204 1209 1214 1216 1216 1216 1213 1211 1212 1215 1218 1219 1218 1216 1207 1203 1198 1177 1170 1157 1141 1130 1116 1100 1088
1222 1218 1207 1200 1193 1185 1175 1168 1164 1155 1148 1143 1141 1137 1136 1139 1140 1139 1139 1137 1136 1134 1132 1129 1127 1126 1125 1124 1121 1120 1118 1115 1113 1109 1104 1100 1096 1093 1090 1084 1079 1078 1072 1069 1074 1083 1094 1103 1109 1118 1126 1136 1140 1142 1145 1149 1153 1157 1163 1170 1178 1184 1187 1193 1198 1203 1206 1206 1206 1203 1201 1203 1208 1212 1214 1215 1215 1207 1204 1200 1178 1172 1160 1145 1133 1117 1099 1083
1210 1206 1197 1188 1182 1176 1169 1165 1163 1157 1152 1149 1147 1145 1144 1146 1147 1146 1146 1145 1144 1143 1141 1138 1136 1135 1133 1130 1128 1126 1124 1120 1118 1115 1112 1108 1103 1099 1095 1087 1082 1081 1075 1070 1071 1077 1085 1094 1100 1109 1117 1126 1130 1132 1134 1138 1143 1147 1152 1159 1166 1171 1175 1181 1186 1192 1196 1197 1196 1193 1193 1196 1202 1206 1208 1210 1210 1204 1202 1198 1178 1168 1156 1142 1129 1113 1095 1078
1199 1194 1187 1177 1172 1168 1164 1163 1162 1159 1157 1155 1154 1153 1153 1154 1154 1154 1154 1154 1153 1153 1151 1148 1146 1144 1141 1137 1135 1133 1130 1126 1124 1122 1120 1116 1110 1105 1100 1090 1085 1084 1079 1071 1069 1071 1077 1085 1092 1100 1108 1116 1121 1122 1124 1128 1133 1137 1142 1148 1154 1159 1164 1170 1174 1181 1187 1188 1186 1183 1185 1190 1196 1200 1203 1206 1206 1202 1200 1197 1178 1165 1152 1139 1125 1109 1091 1073
1192 1187 1182 1172 1168 1165 1164 1164 1164 1164 1163 1162 1162 1161 1161 1162 1162 1162 1162 1162 1163 1163 1161 1158 1156 1154 1150 1145 1142 1140 1137 1133 1131 1129 1128 1124 1116 1111 1105 1094 1089 1088 1083 1073 1068 1067 1070 1077 1084 1091 1099 1106 1111 1112 1113 1117 1122 1127 1132 1137 1141 1146 1152 1158 1162 1169 1177 1179 1176 1173 1176 1183 1190 1194 1198 1202 1202 1199 1198 1195 1178 1162 1148 1135 1121 1104 1086 1068
1185 1181 1177 1168 1164 1163 1164 1165 1167 1169 1170 1170 1170 1170 1170 1170 1170 1170 1171 1171 1173 1173 1172 1169 1167 1164 1159 1153 1150 1148 1144 1140 1138 1137 1136 1132 1123 1117 1110 1098 1093 1092 1087 1075 1067 1063 1064 1070 1077 1083 1090 1096 1102 1103 1103 1107 1112 1117 1122 1126 1129 1134 1141 1147 1150 1158 1168 1171 1166 1164 1168 1177 1184 1189 1193 1198 1198 1196 1196 1194 1178 1159 1144 1132 1117 1100 1082 1064
1186 1183 1181 1175 1173 1172 1173 1174 1176 1178 1180 1181 1180 1180 1179 1178 1179 1180 1181 1182 1185 1185 1184 1182 1179 1177 1172 1166 1162 1159 1155 1152 1148 1146 1144 1138 1129 1123 1117 1107 1102 1101 1095 1084 1076 1071 1070 1073 1077 1080 1082 1083 1088 1089 1090 1095 1100 1105 1109 1112 1115 1121 1128 1134 1138 1145 1153 1155 1151 1152 1157 1166 1174 1180 1186 1192 1193 1193 1193 1188 1174 1154 1142 1131 1116 1100 1084 1067
1188 1186 1185 1182 1182 1182 1182 1183 1186 1188 1190 1192 1191 1190 1188 1186 1188 1190 1192 1194 1197 1198 1197 1195 1192 1190 1185 1179 1175 1171 1167 1164 1159 1156 1153 1145 1136 1130 1124 1116 1112 1111 1104 1094 1086 1079 1077 1077 1077 1077 1074 1071 1074 1076 1077 1083 1089 1094 1096 1098 1102 1108 1115 1122 1127 1133 1139 1140 1136 1140 1147 1156 1164 1172 1180 1187 1189 1190 1191 1183 1171 1150 1140 1131 1115 1101 1087 1070
1191 1190 1190 1190 1191 1191 1191 1193 1196 1198 1200 1202 1201 1199 1197 1195 1197 1199 1202 1205 1209 1210 1210 1208 1204 1202 1198 1191 1187 1182 1179 1176 1169 1166 1161 1152 1142 1136 1131 1125 1121 1121 1113 1103 1095 1087 1083 1080 1077 1073 1066 1059 1060 1062 1064 1070 1077 1082 1083 1084 1088 1094 1102 1109 1115 1121 1124 1124 1121 1128 1136 1145 1154 1164 1174 1181 1184 1187 1188 1177 1167 1146 1138 1131 1114 1102 1090 1073
1195 1195 1196 1198 1201 1201 1201 1203 1206 1209 1211 1213 1212 1209 1206 1204 1206 1209 1213 1217 1221 1223 1223 1221 1216 1215 1212 1204 1199 1194 1191 1188 1180 1176 1170 1159 1148 1143 1138 1134 1131 1131 1122 1113 1105 1096 1089 1083 1077 1070 1058 1047 1047 1048 1052 1058 1066 1070 1070 1071 1074 1081 1089 1097 1104 1109 1110 1109 1106 1116 1125 1135 1145 1156 1168 1176 1180 1184 1185 1172 1163 1142 1136 1131 1114 1103 1093 1077
1209 1209 1210 1211 1213 1214 1214 1216 1219 1221 1222 1222 1222 1219 1217 1216 1218 1220 1224 1228 1231 1234 1234 1233 1228 1226 1223 1215 1211 1206 1203 1200 1192 1188 1181 1170 1160 1154 1148 1142 1139 1137 1128 1119 1110 1100 1093 1086 1080 1072 1061 1050 1047 1045 1046 1049 1055 1059 1060 1062 1066 1073 1080 1086 1093 1098 1099 1099 1098 1108 1118 1127 1137 1150 1162 1170 1175 1178 1178 1165 1155 1136 1128 1122 1105 1096 1088 1074
1223 1223 1224 1225 1226 1227 1227 1229 1232 1233 1233 1232 1232 1230 1228 1228 1230 1232 1235 1239 1242 1245 1246 1245 1241 1238 1234 1227 1223 1219 1216 1212 1205 1200 1193 1181 1172 1166 1159 1150 1147 1143 1135 1125 1115 1105 1098 1090 1083 1075 1064 1054 1047 1042 1041 1041 1045 1048 1050 1053 1058 1065 1071 1076 1082 1087 1088 1089 1091 1100 1111 1120 1130 1144 1157 1165 1171 1173 1171 1158 1148 1130 1121 1113 1097 1089 1083 1072
1237 1237 1237 1238 1239 1240 1240 1242 1245 1245 1244 1242 1241 1240 1239 1240 1242 1243 1246 1250 1253 1256 1257 1256 1253 1250 1245 1238 1235 1231 1228 1223 1217 1212 1204 1192 1184 1178 1169 1158 1155 1149 1141 1131 1120 1109 1102 1093 1086 1078 1068 1058 1047 1039 1036 1032 1035 1037 1040 1044 1051 1058 1062 1066 1071 1076 1078 1080 1084 1093 1104 1113 1123 1139 1152 1160 1166 1167 1163 1150 1139 1124 1111 1101 1086 1079 1075 1067
1251 1251 1251 1252 1252 1253 1253 1256 1258 1258 1256 1252 1251 1251 1251 1252 1254 1255 1258 1261 1264 1267 1268 1268 1266 1262 1257 1250 1248 1244 1240 1235 1229 1224 1215 1204 1196 1190 1179 1167 1163 1155 1147 1137 1125 1114 1106 1097 1089 1081 1072 1063 1048 1037 1032 1024 1025 1026 1030 1036 1044 1051 1054 1057 1061 1065 1068 1071 1078 1086 1098 1106 1117 1134 1147 1155 1162 1162 1156 1143 1131 1118 1102 1089 1076 1070 1067 1063
1257 1258 1258 1258 1258 1259 1258 1259 1259 1257 1254 1250 1248 1248 1248 1248 1250 1252 1256 1259 1261 1264 1266 1266 1263 1260 1257 1252 1250 1246 1243 1239 1233 1228 1219 1208 1201 1193 1182 1171 1167 1155 1147 1136 1124 1113 1106 1097 1089 1082 1075 1067 1053 1042 1037 1025 1024 1023 1025 1029 1035 1039 1042 1045 1048 1053 1057 1061 1069 1077 1089 1097 1110 1128 1141 1149 1156 1156 1150 1139 1125 1114 1096 1082 1070 1063 1060 1056
1264 1265 1265 1265 1265 1265 1264 1262 1260 1256 1252 1248 1246 1245 1245 1245 1247 1250 1254 1257 1259 1262 1264 1264 1261 1259 1257 1255 1252 1249 1246 1243 1238 1233 1223 1213 1206 1196 1185 1175 1171 1155 1148 1135 1123 1113 1106 1098 1089 1084 1078 1072 1058 1048 1043 1027 1023 1020 1020 1023 1026 1028 1030 1033 1036 1042 1046 1052 1061 1068 1080 1089 1104 1122 1135 1144 1151 1150 1145 1135 1119 1111 1091 1076 1064 1057 1054 1050
